start,end,length
1,1526,1525
1697,1847,150
1867,2144,277
2172,2322,150
2336,2486,150
2507,2657,150
2849,2999,150
3206,3356,150
3372,3522,150
3535,3834,299
3867,4017,150
4081,4231,150
4438,4588,150
4619,4769,150
4814,4964,150
5001,5151,150
5166,5316,150
5328,5478,150
5494,5644,150
5685,5969,284
6020,6170,150
6185,6335,150
6345,6495,150
6517,6667,150
6723,6873,150
6952,7102,150
7132,7429,297
7491,7641,150
7856,8128,272
8199,8349,150
8581,8731,150
8787,8937,150
8978,9128,150
9161,9311,150
9330,9480,150
9504,9654,150
9681,9831,150
9886,10036,150
10054,10393,339
10439,10589,150
10615,10765,150
10797,10947,150
10972,11122,150
11162,11312,150
11325,11475,150
11495,11645,150
11666,11816,150
11983,12133,150
12156,12306,150
12386,12536,150
12553,13477,924
13711,13861,150
13893,14043,150
14070,14220,150
14237,14387,150
14608,14758,150
14772,14922,150
15116,16255,1139
16653,16803,150
16860,17010,150
17038,17188,150
17222,17372,150
17396,17546,150
17553,17703,150
17755,17905,150
18038,18188,150
18210,18360,150
18569,18900,331
19246,19396,150
19560,20015,455
20040,20190,150
20381,20531,150
20541,20691,150
20711,20861,150
20885,21035,150
21055,21205,150
21208,21358,150
21396,22661,1265
22808,22958,150
23070,23220,150
23247,23397,150
23418,23568,150
23714,24501,787
24845,24995,150
25164,25314,150
25517,25667,150
25682,25832,150
25855,26005,150
26217,26367,150
26380,26530,150
26747,27111,364
27127,27277,150
27307,27457,150
27801,28088,287
28133,28283,150
28300,28450,150
28459,28609,150
29010,29160,150
29641,29791,150
29865,30671,806
30881,31031,150
31045,31195,150
31213,31363,150
31381,31531,150
32060,32210,150
32434,32584,150
32892,33042,150
33240,33390,150
33408,33558,150
33569,33719,150
33759,33909,150
33974,34238,264
34317,34467,150
34685,34835,150
34868,35018,150
35524,35674,150
35973,36123,150
36157,36307,150
37302,37452,150
37469,37619,150
37995,38145,150
38908,39198,290
40473,40623,150
40861,41011,150
41047,41197,150
41243,42515,1272
42529,42679,150
42706,43006,300
43055,43205,150
43242,44248,1006
44291,44441,150
44462,44612,150
44613,44763,150
44970,45120,150
45154,45304,150
45352,45502,150
45578,45874,296
45887,46037,150
46080,47000,920
47082,47232,150
47243,47574,331
47587,47737,150
47765,47915,150
47935,48085,150
48106,48256,150
48285,48435,150
48495,48645,150
48710,48860,150
48875,49025,150
49044,49194,150
49293,49443,150
49473,49623,150
49812,49962,150
49977,50276,299
50293,50443,150
50465,50615,150
50745,50895,150
50931,51081,150
51131,51281,150
51526,51676,150
51880,52374,494
52395,52545,150
52830,52980,150
53183,53333,150
53350,53646,296
53859,54009,150
54032,54182,150
54350,54500,150
54557,54707,150
55263,55413,150
55436,55586,150
55617,55767,150
56317,56467,150
56608,56758,150
56919,57069,150
57176,57326,150
57441,57724,283
57768,57918,150
57964,58114,150
58304,58454,150
58494,58644,150
58801,58951,150
59074,59224,150
59284,59434,150
59607,59757,150
59789,59939,150
60044,60522,478
60808,60958,150
60995,61444,449
61473,61623,150
61643,61793,150
61813,62130,317
62154,62304,150
62336,62486,150
62611,62761,150
62948,64257,1309
64267,64417,150
64451,65123,672
65166,65316,150
65339,65489,150
65521,65671,150
65692,65842,150
65872,66022,150
66071,66352,281
66371,66521,150
66557,66832,275
66893,67043,150
67400,67849,449
67962,68112,150
68130,68280,150
68474,68624,150
68715,70503,1788
70515,70665,150
70694,70844,150
70978,71128,150
71150,71300,150
71314,71628,314
71651,71801,150
71826,71976,150
72039,72501,462
72509,72659,150
72682,73622,940
73657,73807,150
73967,74269,302
74310,74460,150
74524,75470,946
75654,75804,150
75845,76134,289
76180,76330,150
76564,76873,309
76900,77050,150
77133,77808,675
77852,78002,150
78027,78177,150
78187,78337,150
78366,78516,150
78563,78713,150
78729,78879,150
79071,79221,150
79271,79421,150
79529,80161,632
80185,80335,150
80369,80519,150
80549,80699,150
80733,80883,150
80891,81041,150
81062,81405,343
81409,81559,150
81579,82383,804
82413,82563,150
82734,83146,412
83187,83337,150
83368,83648,280
83679,83829,150
83848,83998,150
84581,84731,150
84774,85427,653
85451,85601,150
85654,85948,294
85972,86122,150
86148,86298,150
86339,86489,150
86629,87121,492
87184,87334,150
87365,87654,289
87865,88015,150
88040,88325,285
88377,88527,150
88536,88686,150
88702,88852,150
89107,89257,150
89531,90044,513
90092,90242,150
90300,90450,150
90475,90625,150
90650,90800,150
91031,91181,150
91282,91432,150
91574,91724,150
91785,91935,150
91975,92125,150
92164,92314,150
92513,92663,150
92699,92849,150
92863,93013,150
93022,93172,150
93385,94359,974
94382,94532,150
94870,95020,150
95456,95606,150
95660,95810,150
95994,96144,150
96339,96489,150
96690,96840,150
96900,97178,278
97227,97377,150
97398,97548,150
97568,97718,150
97740,97890,150
98083,98233,150
98260,98410,150
98422,98572,150
98588,98738,150
98759,98909,150
98936,99086,150
99113,99263,150
99312,99920,608
99959,100109,150
100140,100290,150
100300,100450,150
100489,100639,150
100644,100794,150
100808,100958,150
100973,101123,150
101148,101298,150
101307,101457,150
101483,101954,471
101984,102134,150
102186,103666,1480
103678,103828,150
103851,104001,150
104030,104180,150
104226,104376,150
104591,104741,150
104804,105092,288
105351,105501,150
106102,106252,150
106424,106574,150
106874,107024,150
107096,107246,150
107276,107426,150
107650,108137,487
108320,108470,150
108490,108640,150
108656,108806,150
108849,108999,150
109018,109168,150
109184,109334,150
109337,109487,150
109497,109647,150
109814,109964,150
109972,110122,150
110152,110302,150
110334,110484,150
110495,110645,150
110831,110981,150
111007,111157,150
111175,111325,150
111363,112329,966
112470,112620,150
112640,112790,150
112823,112973,150
113005,113296,291
113339,113489,150
113511,113661,150
113680,113830,150
113845,113995,150
114010,114160,150
114191,114341,150
114364,114514,150
114534,114684,150
114711,114861,150
114891,115041,150
115070,115699,629
115716,115866,150
115881,116031,150
116231,116381,150
116401,116551,150
116553,116703,150
116726,116876,150
116895,117045,150
117055,117205,150
117232,117382,150
117412,117562,150
117580,117730,150
117787,117937,150
117972,118122,150
118135,118285,150
118323,118936,613
118978,119128,150
119132,119620,488
119653,119803,150
119813,119963,150
119995,120145,150
120162,120312,150
120350,120500,150
120545,121240,695
121260,121410,150
121436,121586,150
121607,122051,444
122104,122254,150
122307,122602,295
122641,122791,150
122814,122964,150
122976,123719,743
123783,123933,150
123958,124108,150
124125,124275,150
124301,124451,150
124458,124608,150
124685,124835,150
124892,125042,150
125055,125205,150
125232,125382,150
125423,125573,150
125592,125742,150
125754,125904,150
125952,126102,150
126108,126258,150
126275,126425,150
126473,126623,150
126666,126816,150
126842,126992,150
127015,127165,150
127190,127487,297
127508,127658,150
127693,127843,150
127871,128021,150
128050,128200,150
128202,128352,150
128356,128506,150
128536,128835,299
128858,129008,150
129050,129200,150
129226,129376,150
129390,129540,150
129577,129727,150
129779,129929,150
129949,130099,150
130127,130277,150
130303,130453,150
130478,130628,150
130651,130801,150
130899,131049,150
131090,131240,150
131309,131459,150
131497,131647,150
131662,131812,150
131841,131991,150
132028,132324,296
132375,132525,150
132543,132693,150
132721,132871,150
132922,133215,293
133249,133399,150
133429,133579,150
133612,134537,925
134744,134894,150
135077,135537,460
135580,135730,150
135746,135896,150
135925,136075,150
136107,136257,150
136289,136439,150
136456,136606,150
136652,137094,442
137158,137308,150
137378,137528,150
137541,137691,150
137724,137874,150
137906,138056,150
138065,138215,150
138240,138390,150
138561,138711,150
139095,139245,150
139262,139412,150
139426,139576,150
139583,140066,483
140232,140382,150
140557,140855,298
140860,141010,150
141046,141196,150
141232,141382,150
141387,141537,150
141561,141711,150
141719,141869,150
141909,142059,150
142090,142240,150
142261,142411,150
142438,142588,150
142626,142776,150
142809,142959,150
143008,143762,754
143771,143921,150
143943,144093,150
144122,144272,150
144304,144454,150
144635,144785,150
144807,144957,150
144996,145146,150
145167,145317,150
145357,145507,150
145528,145993,465
146017,146167,150
146168,146644,476
146668,146818,150
146846,146996,150
147027,147177,150
147194,147344,150
147382,147532,150
147538,147861,323
147944,148094,150
148278,150026,1748
150087,150237,150
150279,151156,877
151237,151387,150
151410,151716,306
151922,152072,150
152092,152242,150
152249,152399,150
152614,152764,150
152785,152935,150
152975,153280,305
153310,153460,150
153476,153769,293
153807,153957,150
153979,154129,150
154166,154316,150
154329,154479,150
154493,154643,150
154663,154813,150
154826,154976,150
155010,155160,150
155170,155320,150
155363,155665,302
155667,155817,150
155855,156005,150
156045,156856,811
156946,157096,150
157143,157763,620
157793,157943,150
158093,158243,150
158279,158429,150
158655,158805,150
158839,158989,150
159161,159311,150
159343,159493,150
159536,159686,150
159704,159854,150
159871,160021,150
160051,160201,150
160218,160368,150
160375,160525,150
160554,162441,1887
162482,162632,150
162662,162812,150
162827,162977,150
162997,163291,294
163325,163475,150
163501,163651,150
163791,163941,150
164113,164263,150
164278,165010,732
165166,165316,150
165487,165637,150
165805,165955,150
166031,166181,150
166293,166443,150
166481,166631,150
166654,166804,150
166811,166961,150
167016,168527,1511
168607,168757,150
168783,169424,641
169606,169756,150
170030,170180,150
170497,170647,150
170717,171014,297
171058,171208,150
171223,171373,150
171383,171533,150
171545,171695,150
171738,171888,150
171906,172056,150
172149,172299,150
172315,172465,150
172508,172658,150
172665,172815,150
172843,172993,150
173009,173159,150
173183,173333,150
173366,173516,150
173526,173676,150
173703,173853,150
174047,174197,150
174234,174384,150
174423,174961,538
175024,175174,150
175185,175335,150
175365,175515,150
175521,175671,150
175772,175922,150
175963,176763,800
176790,176940,150
176973,177123,150
177140,177290,150
177309,177459,150
177471,177621,150
177626,177776,150
177805,178428,623
178458,178608,150
178625,178775,150
178802,178952,150
178982,179132,150
179157,179307,150
179329,179479,150
179516,180189,673
180395,180545,150
180579,180729,150
180747,181206,459
181272,181422,150
181550,181700,150
182062,182531,469
182682,182832,150
182847,182997,150
183382,183532,150
183567,183847,280
184024,184174,150
184319,184619,300
184629,184779,150
184837,184987,150
185236,185386,150
185408,185558,150
185577,185727,150
185774,186792,1018
187050,187200,150
187215,187365,150
187401,187551,150
187721,187986,265
188012,188162,150
188390,188540,150
188562,188951,389
189083,189233,150
189272,189422,150
189455,189605,150
189637,189787,150
189827,189977,150
190001,190151,150
190163,190313,150
190352,190502,150
190518,190668,150
190696,190846,150
190900,191050,150
191077,191227,150
191246,191396,150
191419,191569,150
191570,191720,150
191755,191905,150
191954,192104,150
192159,192309,150
192312,192462,150
192510,192660,150
192679,192829,150
192851,193001,150
193023,193173,150
193185,193472,287
193529,193679,150
193688,194385,697
194535,194685,150
194719,195335,616
195380,195530,150
195545,195695,150
195721,196018,297
196162,196312,150
196375,196525,150
196644,198413,1769
198439,198589,150
198658,198937,279
198972,199122,150
199189,199339,150
199545,199695,150
199711,199861,150
199886,200036,150
200055,200205,150
200233,200383,150
200398,200548,150
200563,200713,150
200739,201365,626
201366,201516,150
201526,201676,150
201693,201843,150
201861,202011,150
202019,202169,150
202175,202325,150
202335,202485,150
202514,203120,606
203146,203296,150
203313,203463,150
203480,203630,150
203651,203801,150
203848,203998,150
204089,204239,150
204258,204408,150
204431,204581,150
204603,204753,150
204783,204933,150
204936,205086,150
205130,205280,150
205310,205641,331
205674,205824,150
205847,205997,150
206006,206156,150
206187,206337,150
206368,206518,150
206522,206672,150
206693,206843,150
206868,207018,150
207034,207184,150
207199,207498,299
207676,207826,150
207867,208017,150
208037,208334,297
208358,208508,150
208537,208687,150
208719,208869,150
208880,209030,150
209068,209218,150
209242,209392,150
209432,209582,150
209609,209759,150
209775,210118,343
210163,210313,150
210324,210474,150
210506,210656,150
210684,210834,150
210851,211966,1115
212014,212164,150
212195,212345,150
212366,212516,150
212533,212683,150
212705,212855,150
212897,214050,1153
214165,214315,150
214725,214875,150
214951,215101,150
215291,215441,150
215600,217127,1527
217262,217412,150
217419,217569,150
217598,217748,150
217770,217920,150
217928,218078,150
218103,218572,469
218639,218789,150
218821,219810,989
219812,219962,150
219993,220143,150
220160,220310,150
220336,220486,150
220508,220658,150
220681,220831,150
220864,221161,297
221169,221319,150
221340,221490,150
221506,221656,150
221687,221837,150
221873,223007,1134
223041,223191,150
223221,223371,150
223384,223534,150
223547,223697,150
223926,224076,150
224095,224245,150
224400,224550,150
224566,224716,150
224792,224942,150
225014,225164,150
225182,225332,150
225357,225507,150
225543,228099,2556
228142,228292,150
228358,228683,325
228858,229008,150
229014,229645,631
229650,229800,150
229825,229975,150
229991,230141,150
230390,231379,989
231610,231760,150
231805,231955,150
231978,232128,150
232169,232319,150
232352,232502,150
232536,232686,150
232732,232882,150
232922,233213,291
233267,233417,150
233426,233576,150
233604,233754,150
233811,235140,1329
235164,235314,150
235472,235923,451
235938,236088,150
236364,236514,150
236531,236681,150
236718,236868,150
236882,237032,150
237057,237207,150
237226,237538,312
237548,237698,150
237854,238004,150
238255,238535,280
238570,238720,150
238740,238890,150
238904,239182,278
239230,239380,150
239431,239581,150
239583,239733,150
239761,239911,150
239947,240097,150
240111,240261,150
240307,240457,150
240492,242223,1731
242423,242573,150
242587,243036,449
243044,243194,150
243215,243365,150
243681,243831,150
243886,245117,1231
245237,245387,150
245468,245777,309
245822,245972,150
245986,246136,150
246151,246301,150
246501,246651,150
246673,246823,150
246844,246994,150
247032,247505,473
247547,247697,150
247728,247878,150
247903,248053,150
248082,248232,150
248246,248396,150
248428,249502,1074
249701,249851,150
249869,250019,150
250205,250355,150
250364,250514,150
250720,250870,150
251085,251235,150
251244,251394,150
251431,251581,150
251614,251917,303
251959,252109,150
252130,252280,150
252317,252467,150
252482,252776,294
252803,252953,150
252983,253860,877
254088,254238,150
254283,254433,150
254434,254771,337
254806,254956,150
255000,255150,150
255183,255333,150
255533,255840,307
255853,256003,150
256185,256335,150
256541,257501,960
257530,257680,150
257739,258027,288
258084,258234,150
258264,258793,529
258836,258986,150
259010,259160,150
259214,259561,347
259566,259716,150
259757,259907,150
259930,260554,624
260615,260765,150
260794,260944,150
260958,261574,616
261784,261934,150
261957,262107,150
262125,262275,150
262333,262483,150
262551,262701,150
262782,263035,253
263170,263320,150
263554,263704,150
263882,264032,150
264057,264207,150
264223,265081,858
265107,265257,150
265294,265444,150
265495,265766,271
265877,266027,150
266084,266234,150
266264,266414,150
266434,266584,150
266610,266760,150
266786,266936,150
266975,267265,290
267349,267499,150
267674,268113,439
268131,268281,150
268307,268764,457
268808,268958,150
269005,269155,150
269187,269337,150
269412,269562,150
269579,269729,150
269810,269960,150
269991,270329,338
270419,270569,150
270612,270762,150
271028,271178,150
271210,271360,150
271379,271529,150
271559,271709,150
271740,271890,150
271927,272900,973
272954,273104,150
273138,273288,150
273338,273488,150
273682,273832,150
273855,274173,318
274192,274342,150
274365,274515,150
274714,274864,150
274886,275036,150
275059,275209,150
275401,275551,150
275579,275729,150
275748,275898,150
275925,276075,150
276269,276930,661
277065,277215,150
277264,277414,150
277417,277567,150
277609,277759,150
277783,277933,150
277957,278562,605
278570,278720,150
279122,279272,150
279389,279539,150
279552,279702,150
279722,279872,150
280137,280287,150
280443,280593,150
280653,280803,150
280931,281081,150
281115,281411,296
281423,281573,150
281622,281772,150
281924,282074,150
282271,282421,150
282422,282572,150
282612,282762,150
283006,283497,491
283501,283651,150
283680,283830,150
283984,284134,150
284213,284556,343
284609,284759,150
284869,285019,150
285213,285363,150
285490,285640,150
285715,285865,150
285997,286147,150
286346,286496,150
286517,287053,536
287054,287204,150
287302,287452,150
287489,287639,150
287870,289313,1443
289479,289629,150
289834,289984,150
290026,290176,150
290198,290348,150
290422,290572,150
290606,290756,150
290910,291060,150
291141,291291,150
291699,291849,150
292027,292177,150
292219,292521,302
292554,292704,150
292726,292876,150
292916,293734,818
293763,293913,150
293931,294081,150
294241,294391,150
294550,294700,150
294833,294983,150
294989,295139,150
295175,295325,150
295372,295522,150
295533,295683,150
295736,296031,295
296350,296500,150
296535,296997,462
297346,297496,150
297623,297773,150
297911,298061,150
298242,298392,150
298501,298651,150
298677,298827,150
298859,299009,150
299037,299187,150
299229,299379,150
299416,299566,150
299766,299916,150
300083,300233,150
300269,300714,445
300764,300914,150
300919,301069,150
301097,301247,150
301424,301574,150
301773,301923,150
301967,302117,150
302143,302293,150
302302,302452,150
302468,302618,150
302652,302802,150
303017,303167,150
303213,303363,150
303366,303516,150
303535,303685,150
303701,304171,470
304193,304343,150
304379,305218,839
305259,305409,150
305422,305572,150
305632,305782,150
306310,306460,150
306660,306810,150
306829,306979,150
306987,307429,442
307459,307609,150
307635,307785,150
307817,307967,150
308036,308186,150
308385,308535,150
308586,308736,150
308761,308911,150
308922,309236,314
309254,309404,150
309420,309570,150
309588,309738,150
309752,309902,150
310343,310493,150
310529,311579,1050
311590,311740,150
311757,311907,150
311932,312082,150
312102,312252,150
312269,312419,150
312465,312615,150
312630,312780,150
312798,312948,150
312962,313112,150
313145,313295,150
313312,313462,150
313470,313620,150
313637,313787,150
313806,313956,150
313971,314452,481
314480,314630,150
314661,314811,150
314834,314984,150
315001,315151,150
315182,315332,150
315368,316917,1549
317047,317197,150
317265,317415,150
317426,317576,150
317597,317747,150
317775,317925,150
317926,318400,474
318417,318567,150
318596,318746,150
318776,318926,150
318971,319121,150
319218,319368,150
319391,319541,150
319560,319710,150
319715,319865,150
319886,320036,150
320061,320211,150
320241,320391,150
320422,320572,150
320599,320749,150
320769,321519,750
321541,321691,150
321705,321855,150
321869,322019,150
322066,322216,150
322284,322434,150
322672,322822,150
322866,323016,150
323031,323181,150
323203,323353,150
323379,323529,150
323557,323707,150
323727,323877,150
323894,324044,150
324064,324214,150
324361,324511,150
324553,324703,150
324720,324870,150
324890,325040,150
325075,325225,150
325243,325393,150
325394,325544,150
325568,325718,150
325730,325880,150
325899,326049,150
326231,326381,150
326501,326651,150
326674,326824,150
327010,328029,1019
328091,328241,150
328256,328717,461
328756,328906,150
328927,329271,344
329280,329430,150
329455,329605,150
329651,329949,298
329998,330148,150
330268,330418,150
330536,330686,150
330718,330868,150
330877,331027,150
331047,331197,150
331213,331363,150
331379,331529,150
331554,331704,150
331710,332178,468
332203,332353,150
332396,332546,150
332632,332782,150
332805,332955,150
332973,333123,150
333157,333307,150
333331,333481,150
333518,333668,150
333676,333826,150
333857,334007,150
334035,334185,150
334216,334366,150
334411,334899,488
334932,335082,150
335109,335259,150
335286,335436,150
335465,335751,286
335797,335947,150
335992,336142,150
336215,336627,412
336661,336811,150
336851,337142,291
337152,337302,150
337320,337617,297
337640,337790,150
337969,338119,150
338233,338888,655
338913,339063,150
339088,339392,304
339403,339553,150
339640,339989,349
340249,340399,150
340455,340605,150
340712,340862,150
340992,341142,150
341350,341500,150
341537,342176,639
342178,342328,150
342471,342621,150
342723,342873,150
343054,343204,150
343380,343530,150
343555,343705,150
343892,344042,150
344043,344193,150
344230,345483,1253
345496,345646,150
345654,345804,150
345840,345990,150
346030,346180,150
346312,346462,150
346650,346800,150
346997,347147,150
347257,347579,322
347592,347742,150
347758,347908,150
347928,348078,150
348101,348251,150
348290,348440,150
348482,348632,150
348672,348822,150
348849,348999,150
349035,349185,150
349369,349519,150
349551,349701,150
349759,350078,319
350109,350259,150
350280,350430,150
350435,350585,150
350591,350741,150
350771,350921,150
350954,351451,497
351556,351706,150
351948,352098,150
352209,352359,150
352393,353014,621
353037,353187,150
353206,353356,150
353363,353513,150
353686,353836,150
353947,354097,150
354167,354317,150
354336,354486,150
354508,354658,150
354690,354840,150
355007,355157,150
355345,355495,150
355515,355665,150
355688,355838,150
355847,355997,150
356025,356175,150
356194,356344,150
356498,356648,150
356666,356816,150
356828,356978,150
356996,357146,150
357166,357316,150
357336,357486,150
357667,357817,150
357842,358632,790
358668,358818,150
360079,360229,150
360426,360576,150
360775,360925,150
361039,362147,1108
362160,362310,150
362351,362501,150
362561,362711,150
362892,363042,150
363197,364020,823
364023,364173,150
364370,364520,150
364683,364833,150
364996,365332,336
365422,365572,150
365575,365725,150
365751,365901,150
365992,366142,150
366334,366484,150
366666,366816,150
366858,367008,150
367073,367520,447
367538,367688,150
367709,367859,150
367883,368387,504
368416,368566,150
368757,368907,150
368966,369444,478
369461,369611,150
369672,369822,150
369894,370044,150
370064,370214,150
370224,370374,150
370405,370709,304
370835,370985,150
371032,371519,487
371562,371712,150
371738,371888,150
371931,372081,150
372273,372423,150
372448,372598,150
372626,372776,150
372827,372977,150
373022,373172,150
373202,373352,150
373384,373534,150
373555,373824,269
374028,374178,150
374197,374347,150
374366,374516,150
374528,374678,150
374693,374843,150
374860,375010,150
375030,375180,150
375282,375432,150
375463,375613,150
375653,375803,150
375833,376577,744
376599,376749,150
376793,376943,150
377001,377151,150
377169,377639,470
377653,377803,150
377831,377981,150
378006,378156,150
378206,379222,1016
379372,379522,150
379550,379850,300
379864,380014,150
380201,380351,150
380364,380514,150
380525,380675,150
380698,380848,150
380875,381025,150
381189,381339,150
381356,381506,150
381555,381705,150
381716,381866,150
381884,382034,150
382152,383304,1152
383387,383537,150
383585,383735,150
383781,384406,625
384575,384725,150
384894,385044,150
385127,386039,912
386389,386539,150
386549,386699,150
386713,386863,150
386874,387024,150
387052,387348,296
387375,387525,150
387529,387679,150
387718,387868,150
388047,388197,150
388242,388392,150
388411,389471,1060
389643,389793,150
390033,390183,150
390353,390503,150
390553,393688,3135
393699,393849,150
394026,394176,150
394638,394788,150
395010,395160,150
395218,395368,150
395752,395902,150
396049,396477,428
396803,396953,150
397189,397471,282
397661,397811,150
397846,397996,150
398014,398164,150
398209,398359,150
398498,398648,150
398670,399241,571
399265,399415,150
399645,399795,150
399974,400124,150
400160,400310,150
400345,401325,980
401352,401502,150
401581,401731,150
401756,403472,1716
403493,403643,150
403671,403821,150
403865,404015,150
404038,404188,150
404323,404473,150
404529,404679,150
404703,404853,150
404886,405036,150
405081,405384,303
405578,405728,150
405750,405900,150
405925,406075,150
406082,406232,150
406427,406577,150
406599,407567,968
407610,407760,150
407820,408568,748
408739,408889,150
408901,409051,150
409066,409216,150
409227,409377,150
409404,409554,150
409702,409852,150
409884,410034,150
410051,410201,150
410218,410368,150
410391,410541,150
410542,410692,150
410711,410861,150
410877,411027,150
411059,411524,465
411554,411704,150
411748,412043,295
412061,412211,150
412232,412382,150
412483,412633,150
412882,413032,150
413061,413211,150
413235,413385,150
413410,413560,150
413757,413907,150
413951,414101,150
414114,414549,435
414555,414705,150
414740,415212,472
415224,415374,150
415395,415545,150
415554,415704,150
415712,416180,468
416195,416345,150
416485,416635,150
416637,416787,150
416814,416964,150
416965,417115,150
417149,417299,150
417325,418757,1432
418763,418913,150
418921,419071,150
419126,419276,150
419349,419499,150
419523,419673,150
419702,419852,150
419869,420019,150
420050,420200,150
420224,420374,150
420405,420555,150
420633,420783,150
420850,421000,150
421372,421522,150
421528,422189,661
422565,422715,150
422720,422870,150
422938,423088,150
423116,423266,150
423286,423436,150
423450,423600,150
423623,424888,1265
425074,425224,150
425250,425400,150
425437,425587,150
425602,425752,150
425787,425937,150
425967,426117,150
426128,426278,150
426297,426447,150
426481,426631,150
426645,426950,305
427161,427311,150
427361,427664,303
428069,428219,150
428266,428416,150
428433,428699,266
428729,428879,150
428893,429043,150
429084,429234,150
429376,429526,150
429541,430016,475
430059,430209,150
430259,430409,150
430515,430665,150
430708,430858,150
430895,431045,150
431067,431217,150
431234,431384,150
431394,431544,150
431549,431699,150
431719,431869,150
431881,432031,150
432038,435562,3524
435585,435735,150
435973,436123,150
436218,436368,150
436389,436539,150
436573,437133,560
437154,437304,150
437377,437527,150
437597,438052,455
438078,438228,150
438244,438684,440
438715,438865,150
438873,439023,150
439045,439195,150
439241,439391,150
439409,439559,150
439602,439752,150
439863,440013,150
440030,440180,150
440196,440346,150
440370,440520,150
440530,441119,589
441143,441293,150
441314,441464,150
441482,441632,150
441655,441805,150
441826,441976,150
441989,442139,150
442148,442433,285
442478,442628,150
442656,442806,150
442821,442971,150
442987,443137,150
443164,443314,150
443326,443476,150
443505,443655,150
443748,444635,887
444734,444884,150
444918,445874,956
445920,446070,150
446126,446405,279
446463,446613,150
446676,446826,150
447008,447158,150
447185,447335,150
447353,447503,150
447514,447664,150
447683,447833,150
447989,448139,150
448283,448433,150
448446,449067,621
449142,449292,150
449452,449602,150
449628,449778,150
449804,449954,150
449980,450270,290
450469,450619,150
450658,450808,150
450867,451017,150
451064,451350,286
451410,451560,150
451588,451738,150
451774,451924,150
451934,452084,150
452114,453621,1507
453649,453799,150
454136,454286,150
454306,454456,150
454480,454630,150
454651,454801,150
454802,454952,150
454971,455121,150
455139,455289,150
455301,455451,150
455470,455620,150
455643,455793,150
455800,456254,454
456461,456611,150
456729,456879,150
456941,457091,150
457123,457273,150
457439,457589,150
457620,457770,150
457806,457956,150
458060,458210,150
458244,458394,150
458415,458716,301
458746,458896,150
458915,459065,150
459081,459376,295
459409,459559,150
459591,459741,150
459753,459903,150
459917,460067,150
460207,460357,150
460445,460595,150
460766,460916,150
460970,461580,610
461615,461765,150
461912,462062,150
462102,462754,652
462788,462938,150
462973,463123,150
463128,463278,150
463300,463450,150
463476,463626,150
463652,463802,150
463840,463990,150
464133,464283,150
464305,464455,150
464636,464786,150
464930,465080,150
465088,465238,150
465260,465410,150
465467,465617,150
465696,465846,150
466083,466233,150
466301,466451,150
466607,466757,150
466762,466912,150
466941,467091,150
467092,467242,150
467264,467560,296
467568,467718,150
467725,467875,150
467876,468026,150
468042,468192,150
468219,470036,1817
470483,470633,150
470679,471408,729
471460,471610,150
471657,471807,150
471825,471975,150
471986,472136,150
472182,472332,150
472353,472503,150
472530,472680,150
472698,473042,344
473100,473250,150
473440,473590,150
473609,473759,150
473779,473929,150
473951,474101,150
474134,474737,603
474780,474930,150
474960,475257,297
475392,475542,150
475706,475856,150
475953,476103,150
476138,476288,150
476310,476460,150
476470,476620,150
477000,477150,150
477205,477355,150
477363,477513,150
477545,477695,150
477700,478200,500
478230,478380,150
478403,478871,468
478928,479078,150
479103,479253,150
479320,479470,150
479603,479753,150
479770,479920,150
479942,480219,277
480247,480397,150
480415,480565,150
480618,480768,150
480836,481210,374
481226,481376,150
481388,481538,150
481551,481701,150
481718,481868,150
482030,482180,150
482198,482348,150
482369,482519,150
482544,482694,150
482732,482882,150
482906,483056,150
483268,483418,150
483502,483652,150
483836,483986,150
484018,484168,150
484190,484340,150
484349,484499,150
484508,484658,150
484671,484821,150
484827,484977,150
484996,485146,150
485177,485327,150
485500,485650,150
485669,485819,150
485848,485998,150
486034,486184,150
486335,486485,150
486616,486766,150
486798,486948,150
486971,487121,150
487157,487307,150
487321,487471,150
487484,487634,150
487645,487795,150
487798,488411,613
488442,488592,150
488623,489430,807
489446,489596,150
489616,490684,1068
490809,490959,150
490983,491133,150
491151,491301,150
491325,491475,150
491491,491641,150
491654,491804,150
491854,492004,150
492194,492344,150
492366,492516,150
492538,492688,150
492710,495643,2933
495697,495847,150
495882,496032,150
496099,496249,150
496347,496497,150
496526,496676,150
496689,496839,150
496862,497012,150
497039,497189,150
497202,498345,1143
498392,498542,150
498585,498735,150
498778,498928,150
498979,499129,150
499184,499334,150
499336,499486,150
499543,499693,150
499867,500160,293
500166,500316,150
500359,500509,150
500637,500787,150
500807,501459,652
501497,501647,150
501677,501967,290
501979,502129,150
502163,502313,150
502323,502473,150
502515,502665,150
502908,503058,150
503253,503403,150
503440,505433,1993
505470,505620,150
505625,505775,150
505800,505950,150
506004,506288,284
506630,506780,150
506897,507330,433
507339,507489,150
507505,507655,150
507676,507826,150
507857,508007,150
508029,508179,150
508295,508445,150
508505,508774,269
508952,509102,150
509104,509559,455
509646,509796,150
509991,510141,150
510374,510524,150
510602,511567,965
511746,511896,150
511952,512102,150
512238,512388,150
512700,512850,150
512963,513113,150
513181,513331,150
513596,513903,307
514322,514472,150
514669,514819,150
514996,515935,939
515960,516110,150
516134,516284,150
516309,516459,150
516475,516625,150
516639,516789,150
516818,516968,150
517047,517197,150
517227,517377,150
517426,517576,150
517764,517914,150
518085,519194,1109
519259,519409,150
519552,519702,150
519877,520766,889
520942,521092,150
521117,521410,293
521442,521592,150
521626,521776,150
521922,522637,715
522973,523123,150
523407,525750,2343
525925,526075,150
526267,526417,150
526439,526589,150
526608,526758,150
526776,526926,150
526983,527133,150
527163,528020,857
528106,528256,150
528625,528775,150
528821,528971,150
529034,529657,623
529692,529842,150
529872,530462,590
530472,530622,150
530645,530795,150
530821,530971,150
530985,531135,150
531181,531331,150
531449,531599,150
531633,531783,150
531815,531965,150
531981,532131,150
532147,532297,150
532301,532451,150
532499,532649,150
532870,533020,150
533036,533186,150
533219,533369,150
533503,533653,150
533694,534451,757
534470,534620,150
534643,534793,150
534836,534986,150
534990,535140,150
535163,535313,150
535425,535575,150
535594,535744,150
535762,535912,150
535929,536079,150
536087,536237,150
536250,536400,150
536567,537207,640
537313,537463,150
537615,537765,150
537866,538016,150
538045,538557,512
538607,538757,150
538806,539082,276
539111,539261,150
539312,540068,756
540160,540310,150
540347,540497,150
540643,540793,150
540821,540971,150
540984,541134,150
541141,541291,150
541308,541458,150
541475,541625,150
541645,541795,150
541826,541976,150
542012,542162,150
542168,542318,150
542504,542654,150
542691,542841,150
542853,543003,150
543197,543347,150
543396,543546,150
543551,543880,329
543900,544050,150
544242,544392,150
544413,544563,150
544578,544728,150
544735,544885,150
544918,545068,150
545101,545251,150
545279,545429,150
545470,545620,150
545640,545790,150
545823,545973,150
545981,546131,150
546159,546309,150
546338,546488,150
546532,546682,150
546693,547685,992
547743,547893,150
547969,548119,150
548319,548469,150
548490,548640,150
548654,548804,150
548811,548961,150
548994,549144,150
549164,549314,150
549468,549618,150
549645,549795,150
549958,550241,283
550266,550416,150
550453,550603,150
550623,550773,150
550789,550939,150
551012,551162,150
551168,551318,150
551349,551499,150
551510,551660,150
551687,551837,150
551856,552006,150
552021,553010,989
553045,553195,150
553200,553470,270
553556,553706,150
553759,553909,150
553929,554079,150
554196,554346,150
554398,555246,848
555273,555423,150
555506,555656,150
555785,558526,2741
558567,558717,150
558761,558911,150
558960,559110,150
559218,559368,150
559395,559545,150
559547,559697,150
559783,559933,150
560069,560219,150
560417,560567,150
560629,560779,150
560896,561046,150
561079,561229,150
561268,561418,150
561438,561588,150
561600,564445,2845
564649,564799,150
564809,565131,322
565255,565405,150
565435,567599,2164
567867,568017,150
568206,570159,1953
570331,570481,150
570506,570656,150
570673,570823,150
570867,571017,150
571022,571172,150
571267,571417,150
571433,571583,150
571603,571753,150
571779,571929,150
571945,572095,150
572101,573075,974
573251,573401,150
573568,573718,150
573744,574054,310
574063,574213,150
574262,574412,150
574558,574708,150
574795,574945,150
574967,575288,321
575310,575460,150
575490,576123,633
576155,576305,150
576331,576481,150
576496,576646,150
576678,576828,150
576860,577409,549
577419,577569,150
577574,577724,150
577889,578039,150
578054,578204,150
578226,578376,150
578456,578606,150
578781,578931,150
579095,579245,150
579448,579598,150
579699,579849,150
579866,580016,150
580044,580336,292
580373,580523,150
580658,580808,150
580885,581035,150
581125,581275,150
581410,581560,150
581579,581729,150
581731,581881,150
581904,582054,150
582063,582213,150
582227,582377,150
582398,582548,150
582561,582711,150
582727,582877,150
583032,583182,150
583213,583363,150
583382,583532,150
583561,583711,150
583723,583873,150
583874,584640,766
584815,584965,150
585178,585461,283
585490,585640,150
585678,586651,973
586838,586988,150
587008,587634,626
587650,587800,150
587995,588145,150
588167,588816,649
588840,588990,150
589009,589499,490
589528,589678,150
589714,589864,150
589904,590054,150
590415,590691,276
590756,590906,150
591093,592107,1014
592301,592451,150
592457,592607,150
592658,593590,932
593730,593880,150
593893,594681,788
594769,594919,150
594949,597690,2741
597701,597851,150
598097,598401,304
598424,598574,150
598590,598740,150
598756,598906,150
598929,599079,150
599103,599253,150
599277,599427,150
599536,599686,150
599772,599922,150
599925,600075,150
600101,600251,150
600283,600723,440
600726,600876,150
601345,601495,150
601503,601653,150
601687,601837,150
601871,602021,150
602032,602182,150
602188,602338,150
602381,602531,150
602568,602718,150
602762,603064,302
603255,603405,150
603427,603724,297
603910,604060,150
604091,604241,150
604244,604862,618
604863,605013,150
605046,605680,634
605702,605852,150
605975,606689,714
606796,606946,150
607146,607296,150
607373,608472,1099
608487,608637,150
608662,608812,150
608834,608984,150
608987,609287,300
609297,609447,150
609464,609614,150
609671,609966,295
610065,610215,150
610275,610425,150
610463,611961,1498
611965,612115,150
612287,613073,786
613099,613249,150
613254,613730,476
613753,613903,150
614061,614211,150
614236,614386,150
614401,614551,150
614573,614723,150
614753,614903,150
614932,615082,150
615119,615269,150
615278,615428,150
615460,615610,150
615850,616000,150
616014,616164,150
616197,616347,150
616385,616535,150
617018,617168,150
617202,617352,150
617375,617525,150
617532,617682,150
617700,617850,150
617857,618007,150
618153,618303,150
618353,618503,150
618698,618848,150
618890,619040,150
619241,619561,320
619568,619718,150
619739,619889,150
619946,620373,427
620384,620534,150
620549,621160,611
621172,621322,150
621328,621653,325
621693,621843,150
621864,622145,281
622171,622321,150
622332,622482,150
622507,622657,150
622912,623062,150
623231,623381,150
623406,623556,150
623704,623854,150
623870,624020,150
624022,624172,150
624201,624351,150
624365,624515,150
624641,624791,150
624816,624966,150
624993,625143,150
625156,625306,150
625323,625473,150
625510,625821,311
625833,625983,150
626150,627528,1378
627542,627692,150
627737,627887,150
627909,628059,150
628090,628240,150
628247,628855,608
629012,629162,150
629184,629334,150
629496,629646,150
629755,629905,150
629918,630068,150
630095,630245,150
630407,631035,628
631062,631212,150
631277,631604,327
631697,631847,150
631926,632148,222
632175,632325,150
632514,632664,150
632669,632819,150
632822,632972,150
632989,633139,150
633157,633307,150
633316,633466,150
633604,633754,150
633800,633950,150
634203,634353,150
634511,634661,150
634780,634930,150
635045,635195,150
635313,635463,150
635513,635663,150
635665,635815,150
635829,635979,150
636022,636172,150
636243,636393,150
636420,636570,150
636581,636731,150
636932,637082,150
637084,637234,150
637237,637537,300
637567,637717,150
637760,637910,150
637928,638355,427
638390,638540,150
638557,638854,297
638884,639034,150
639204,639354,150
639543,639693,150
639735,639885,150
639886,640036,150
640059,640209,150
640235,640385,150
640448,640743,295
640825,640975,150
641115,641265,150
641275,642167,892
642178,642328,150
642422,642572,150
642585,642735,150
642914,643064,150
643072,643222,150
643433,643583,150
643615,643765,150
643785,643935,150
643989,644139,150
644161,644311,150
644326,644476,150
644510,644660,150
644676,644826,150
644837,644987,150
644990,645803,813
645813,645963,150
645991,646141,150
646171,646321,150
646353,646503,150
646598,646748,150
646754,647227,473
647248,647398,150
647439,647706,267
647710,647860,150
647880,648030,150
648050,648200,150
648321,648471,150
648498,648648,150
648666,648816,150
648831,648981,150
648990,649140,150
649172,649469,297
649505,649655,150
649932,650554,622
650582,650732,150
650765,651391,626
651514,651664,150
651731,651881,150
651982,652437,455
652551,652701,150
653126,653276,150
653515,653665,150
653847,653997,150
654153,654739,586
654951,655101,150
655130,655280,150
655325,655475,150
655506,655656,150
655703,655853,150
655895,656045,150
656082,656368,286
656556,656706,150
656811,656961,150
656976,657126,150
657152,657302,150
657342,657627,285
657654,657804,150
657814,658328,514
658354,658504,150
658520,658670,150
658684,658834,150
658868,659018,150
659028,659548,520
659572,659722,150
659881,660031,150
660040,660351,311
660392,660542,150
660585,660735,150
660766,660916,150
660929,661079,150
661116,661266,150
661408,661558,150
661582,661732,150
661750,661900,150
661921,662071,150
662083,662678,595
662797,662947,150
662981,663131,150
663155,663305,150
663313,663463,150
663482,663632,150
663674,663824,150
663949,664099,150
664178,664328,150
664429,664579,150
664612,664762,150
664797,664947,150
664980,665130,150
665137,665287,150
665308,665458,150
665475,666072,597
666118,666268,150
666295,666785,490
666819,666969,150
666994,667144,150
667153,667303,150
667312,667462,150
667481,667631,150
667671,667821,150
667845,667995,150
668115,668265,150
668297,669345,1048
669447,669597,150
669616,669928,312
669964,670114,150
670125,670275,150
670296,670446,150
670517,670667,150
670763,670913,150
670938,671088,150
671120,671270,150
671303,671453,150
671487,671637,150
671661,671811,150
671827,671977,150
672022,672657,635
672792,672942,150
673093,673878,785
673905,674055,150
674299,674449,150
674493,674643,150
675073,675223,150
675252,675402,150
675425,675575,150
675594,675744,150
675770,675920,150
675935,676085,150
676106,676256,150
676269,676940,671
677090,677240,150
677660,677810,150
678162,678312,150
678329,678479,150
678498,678648,150
678673,679133,460
679182,679332,150
679349,679499,150
679509,679659,150
679766,679916,150
680021,680171,150
680242,680392,150
680539,680689,150
680802,682559,1757
682623,682773,150
682795,683299,504
683496,683646,150
683667,683961,294
684164,684314,150
684448,684598,150
684622,684772,150
684841,684991,150
685020,685170,150
685285,685435,150
685717,685867,150
685910,686229,319
686275,686425,150
686482,686781,299
686819,686969,150
686997,688975,1978
689022,689172,150
689518,689668,150
689723,689873,150
689913,690063,150
690071,690221,150
690251,690401,150
690423,690573,150
690584,690734,150
690761,690911,150
690938,691088,150
691317,692945,1628
692973,693123,150
693262,693412,150
693418,693568,150
693604,693754,150
694085,694235,150
694245,694834,589
694873,695023,150
695026,695176,150
695189,695339,150
695357,695507,150
695517,695667,150
695679,695829,150
695948,696098,150
696199,696349,150
696370,696520,150
696538,696835,297
696881,697031,150
697060,697360,300
697386,697536,150
697561,697855,294
698032,698182,150
698192,698342,150
698373,698523,150
698564,698714,150
699144,699294,150
699298,699448,150
699484,699634,150
699780,699930,150
699970,700120,150
700152,700302,150
700468,700618,150
700660,700810,150
700858,701008,150
701109,701259,150
701285,701435,150
701450,701600,150
701623,701773,150
701789,701939,150
701956,702106,150
702293,703415,1122
703426,703576,150
703594,704194,600
704225,704375,150
704501,704651,150
704701,704851,150
704858,705008,150
705129,705279,150
705347,705497,150
705523,705673,150
705689,705839,150
705953,706103,150
706135,706285,150
706318,706468,150
706480,706630,150
706651,706801,150
706819,706969,150
706994,707144,150
707161,707311,150
707610,707760,150
707766,709746,1980
709784,709934,150
709948,710098,150
710115,710265,150
710384,710534,150
710555,710705,150
710707,710857,150
710875,711025,150
711197,711347,150
711412,712322,910
712333,712483,150
712830,712980,150
713216,713705,489
713826,713976,150
714331,715654,1323
715676,715826,150
715854,716004,150
716096,716246,150
716315,716465,150
716512,716662,150
716694,716844,150
716862,717012,150
717344,717494,150
717769,717919,150
717943,718093,150
718119,718269,150
718279,718429,150
718451,718601,150
718612,718923,311
718924,719074,150
719111,720110,999
720132,720282,150
720314,720464,150
720480,720630,150
720649,720799,150
720898,721048,150
721080,721230,150
721251,721401,150
721435,721585,150
721603,721753,150
721771,721921,150
721943,722391,448
722402,722552,150
722595,722745,150
723136,724214,1078
724242,724392,150
724413,724563,150
724585,724735,150
724765,725717,952
725742,725892,150
725901,726051,150
726082,726232,150
726253,726403,150
726452,726602,150
726625,726963,338
727072,727222,150
727289,728263,974
728389,728539,150
728601,728911,310
729053,729203,150
729218,729368,150
729390,729540,150
729697,729982,285
730005,730155,150
730176,730326,150
730334,730484,150
730531,730681,150
730781,730931,150
730965,731115,150
731151,731947,796
731999,732149,150
732205,732355,150
732358,732618,260
732799,732949,150
733000,733150,150
733331,733587,256
733637,733787,150
733945,734095,150
734411,734561,150
734624,734774,150
734807,734957,150
735178,735902,724
735975,736125,150
736175,736325,150
736481,736631,150
736704,736854,150
737053,737203,150
737215,737365,150
737389,737539,150
737567,737717,150
737736,737886,150
737914,738064,150
738066,738216,150
738222,738372,150
738582,738732,150
738737,738887,150
739270,739420,150
739512,740179,667
740222,740372,150
740397,742133,1736
742160,742310,150
742330,742630,300
742647,742797,150
742831,742981,150
743005,743155,150
743184,743334,150
743353,743503,150
743637,743787,150
743814,743964,150
743981,744605,624
744779,744929,150
744977,745127,150
745283,745433,150
745462,745612,150
745638,745788,150
745790,745940,150
745959,746109,150
746292,746442,150
746478,746628,150
746630,746780,150
746974,747124,150
747138,747288,150
747293,747443,150
747467,747617,150
747668,747818,150
747854,748004,150
748014,748164,150
748327,748477,150
748512,748662,150
748675,748825,150
748850,749000,150
749002,749605,603
749629,749779,150
749794,749944,150
749980,750130,150
750175,750325,150
750382,750532,150
750554,751120,566
751154,751304,150
751309,751459,150
751465,751615,150
751629,751779,150
751794,751944,150
752244,752394,150
752450,753234,784
753260,753410,150
753602,753752,150
753786,753936,150
754105,754255,150
754295,754445,150
754498,754648,150
754676,755508,832
755622,755772,150
755929,756079,150
756227,756563,336
756648,756798,150
756837,757303,466
757384,757534,150
757680,757830,150
757864,758138,274
758190,758340,150
758517,758667,150
758974,759435,461
759461,759611,150
759633,759783,150
759809,759959,150
759971,760121,150
760264,760414,150
760465,760615,150
760622,760772,150
760841,760991,150
761058,761208,150
761281,761431,150
761502,761652,150
761695,761972,277
762299,762449,150
762480,762630,150
762636,762786,150
762806,763073,267
763134,763284,150
763299,763449,150
763570,763858,288
763878,764028,150
764042,764192,150
764202,764352,150
764378,764528,150
764554,764704,150
764785,764935,150
765271,766262,991
766281,766431,150
766457,766771,314
766776,766926,150
766950,767100,150
767124,767274,150
767315,767465,150
767503,767653,150
767685,767835,150
768016,768166,150
768283,768597,314
768886,769036,150
769053,769496,443
769499,769649,150
769677,769827,150
770084,770234,150
770349,770499,150
770641,770791,150
770811,771100,289
771125,771275,150
771287,771437,150
771450,771600,150
771827,771977,150
771995,772145,150
772166,772316,150
772335,772485,150
772542,772692,150
772837,772987,150
773007,773157,150
773185,773335,150
773439,773589,150
773606,773756,150
773776,776145,2369
776299,776449,150
776565,777751,1186
777940,778090,150
778193,778343,150
778490,778640,150
778678,779632,954
779864,780014,150
780042,780192,150
780223,780373,150
780410,780646,236
780695,780845,150
780866,781196,330
781256,781406,150
781688,781986,298
782087,782237,150
782408,782558,150
782617,782767,150
783105,783255,150
783291,783441,150
783462,783612,150
783651,783801,150
783814,783964,150
783988,784278,290
784343,784493,150
784607,784757,150
784825,784975,150
784986,785136,150
785154,785304,150
785328,785478,150
785485,785635,150
785657,785807,150
785962,786112,150
786159,787843,1684
787851,788001,150
788038,788188,150
788212,788362,150
788446,788596,150
788625,788775,150
789102,789252,150
789294,789444,150
789630,789780,150
789798,791492,1694
791706,791856,150
791871,792021,150
792023,792173,150
792192,792342,150
792361,792511,150
792560,792710,150
792869,793588,719
793634,793784,150
793837,794291,454
794309,794459,150
794483,796436,1953
796464,796614,150
796653,797313,660
797378,797528,150
797623,797773,150
798049,798358,309
798547,798697,150
798742,798892,150
798917,799067,150
799115,799436,321
799456,799606,150
799630,800277,647
800321,800471,150
800491,802536,2045
802603,802753,150
802995,803894,899
803907,804057,150
804097,804247,150
804636,804786,150
804875,805165,290
805192,805342,150
805509,805659,150
805676,805826,150
805855,806005,150
806015,806165,150
806325,806475,150
806502,806652,150
806795,806945,150
807042,807192,150
807351,807501,150
807737,807887,150
807915,808601,686
808626,808776,150
808946,809096,150
809449,809599,150
809839,811137,1298
811170,811320,150
811432,811582,150
811626,811889,263
811944,812094,150
812124,812455,331
812633,812783,150
812845,812995,150
813084,813234,150
813261,813581,320
813638,813788,150
813833,815619,1786
815778,815928,150
815945,816095,150
816112,816262,150
816366,816516,150
816544,816694,150
816719,816869,150
816873,817023,150
817057,817207,150
817252,817532,280
817740,817890,150
818038,818188,150
818302,818452,150
818835,819414,579
819425,819575,150
819605,819755,150
819765,820234,469
820248,820398,150
820433,820583,150
820585,820735,150
820773,820923,150
821114,821264,150
821307,821457,150
821633,821783,150
821809,821959,150
822297,824338,2041
824392,824542,150
824731,824881,150
824988,825138,150
825205,825355,150
825554,826033,479
826337,826487,150
826560,826710,150
826770,826920,150
827158,827308,150
827427,828487,1060
828520,828670,150
828763,828913,150
829123,829273,150
829297,829447,150
829484,829634,150
829716,829866,150
830060,830210,150
830320,830618,298
830848,830998,150
831079,831393,314
831400,831550,150
831662,831812,150
832171,832321,150
832409,832559,150
832735,832885,150
833118,833268,150
833618,833960,342
833980,834130,150
834166,834316,150
834364,834514,150
834701,834851,150
834952,835529,577
835557,835707,150
835722,835872,150
835970,836120,150
836153,836453,300
836485,836635,150
836828,837193,365
837301,837451,150
837489,837779,290
837794,837944,150
838115,838265,150
838308,838458,150
838476,838626,150
838643,838793,150
838806,839106,300
839124,839274,150
839309,839459,150
839461,839611,150
839617,839767,150
839783,839933,150
839969,840315,346
840401,840551,150
840700,842381,1681
842420,842570,150
842665,842815,150
843007,843295,288
843347,843497,150
843657,843807,150
843856,844006,150
844013,844802,789
844843,844993,150
845038,845555,517
845585,845735,150
845763,845913,150
845924,846074,150
846078,846228,150
846266,846416,150
846440,846922,482
847148,847298,150
847310,847659,349
848007,848157,150
848210,849479,1269
849499,849649,150
849669,849819,150
850149,850435,286
850458,850608,150
850631,850781,150
850826,850976,150
851076,851226,150
851245,851395,150
851423,851573,150
851614,851764,150
851934,852392,458
852401,852551,150
852561,852711,150
852731,852881,150
853021,853171,150
853188,853338,150
853376,853526,150
853537,853687,150
853694,853844,150
854046,855159,1113
855188,855338,150
855496,855646,150
855697,855847,150
855849,855999,150
856049,856330,281
856352,856502,150
856516,856970,454
857130,857280,150
857322,857472,150
857478,857628,150
857656,857806,150
857871,858021,150
858096,858246,150
858261,858411,150
858449,858599,150
858618,858906,288
858947,859097,150
859152,859302,150
859496,859646,150
859809,859959,150
860085,860235,150
860313,860463,150
860486,860785,299
861031,861181,150
861335,861485,150
861545,861695,150
861701,861851,150
861883,862033,150
862045,862195,150
862218,862368,150
862398,863050,652
863547,863697,150
863733,863883,150
863902,864052,150
864080,864230,150
864304,864454,150
864563,864713,150
864742,864892,150
864916,865066,150
865080,865366,286
865393,865543,150
865566,866078,512
866102,866252,150
866285,866771,486
866795,866945,150
866985,867135,150
867433,867583,150
867820,867970,150
868011,868161,150
868198,868348,150
868374,869387,1013
869647,869797,150
869811,869961,150
869970,870120,150
870137,870287,150
870322,870781,459
870817,870967,150
871517,871667,150
871693,871843,150
871976,872126,150
872204,872354,150
872358,872508,150
872543,872693,150
872751,873036,285
873060,873210,150
873234,873522,288
873535,873685,150
873704,873990,286
874026,874176,150
874201,874351,150
874497,874647,150
874673,874823,150
874854,875150,296
875199,875349,150
875491,875641,150
875815,875965,150
876020,876170,150
876557,876707,150
876903,877418,515
877426,877576,150
877592,877742,150
877797,877947,150
877980,878130,150
878165,878315,150
878498,878648,150
878665,878815,150
878839,878989,150
879027,879177,150
879186,879336,150
879527,879677,150
879689,879839,150
879848,879998,150
880009,880159,150
880184,880334,150
880337,880487,150
880616,880766,150
880816,880966,150
880998,881301,303
881307,881457,150
881493,881643,150
881722,881872,150
882090,882240,150
882516,882666,150
882680,882998,318
883018,883168,150
883180,883330,150
883362,883512,150
883552,883702,150
883742,883892,150
883902,884052,150
884073,884372,299
884416,884566,150
884581,884731,150
884835,884985,150
885016,885166,150
885199,885349,150
885494,885644,150
885661,886447,786
886458,886608,150
886616,886766,150
886769,886919,150
886942,887092,150
887117,887267,150
887316,887466,150
887467,888547,1080
888615,888765,150
888925,889075,150
889124,889274,150
889305,889455,150
889501,889651,150
889655,889805,150
889845,889995,150
890104,890254,150
890311,890461,150
890466,890616,150
890639,890789,150
890813,890963,150
890988,891138,150
891172,891322,150
891364,891514,150
891603,891753,150
891788,891938,150
891957,892107,150
892133,892283,150
892309,892459,150
892466,892616,150
892628,892925,297
892929,893079,150
893101,893251,150
893256,893406,150
893435,893585,150
893688,893838,150
893852,894002,150
894007,894157,150
894432,894582,150
894663,894813,150
894837,894987,150
894989,895139,150
895165,895315,150
895319,895469,150
895484,895634,150
895661,895811,150
895825,895975,150
895979,896129,150
896166,896316,150
896327,896477,150
896494,896644,150
896694,897241,547
897270,897420,150
897489,897811,322
897832,897982,150
898024,898174,150
898399,898549,150
898605,898755,150
898794,898944,150
898962,899112,150
899114,899264,150
899277,899427,150
899567,899717,150
899722,900185,463
900223,900373,150
900702,903114,2412
903166,903316,150
903504,903654,150
903708,904360,652
904363,904513,150
904520,904670,150
904696,904846,150
904881,905031,150
905165,905315,150
905322,905784,462
906009,906159,150
906304,906454,150
906578,906728,150
906771,906921,150
906939,907089,150
907098,907248,150
907269,907419,150
907590,907740,150
907772,908760,988
909465,909615,150
909687,910168,481
910312,910462,150
910526,910833,307
910982,911132,150
911230,911380,150
911406,911556,150
911706,911856,150
912020,912170,150
912272,912422,150
912634,912784,150
912859,913009,150
913035,913185,150
913188,913338,150
913476,913626,150
913680,913992,312
914042,914192,150
914229,914379,150
914394,916002,1608
916141,916291,150
916308,916458,150
916463,916613,150
916659,916809,150
916821,916971,150
917018,917168,150
917266,917416,150
917444,917594,150
917599,917749,150
917769,917919,150
917942,918092,150
918132,918282,150
918283,918433,150
918452,918602,150
918638,918788,150
918963,919113,150
919128,919605,477
919619,919769,150
919942,920878,936
921057,921207,150
921248,921398,150
921549,921699,150
921722,921872,150
921883,922033,150
922212,922362,150
922386,922536,150
922645,922795,150
922867,923017,150
923128,925155,2027
925186,925336,150
925340,925490,150
925513,925663,150
925679,925829,150
926182,926332,150
926359,926681,322
926892,927042,150
927103,927253,150
927286,927436,150
927457,927607,150
927616,927766,150
927855,928005,150
928214,928364,150
928405,928716,311
928726,928876,150
928900,929050,150
929064,929214,150
929236,929386,150
929407,929557,150
929581,929731,150
929902,930052,150
930270,932028,1758
932052,932202,150
932259,932558,299
932619,932769,150
932778,933236,458
933276,933426,150
933467,933617,150
933654,933804,150
933886,934036,150
934057,934207,150
934384,934534,150
934595,934745,150
934809,935235,426
935358,935508,150
935548,935698,150
935855,936005,150
936201,936351,150
936480,936630,150
936655,936805,150
936837,937182,345
937230,937380,150
937465,937615,150
937637,937787,150
937799,937949,150
938137,938287,150
938300,938643,343
938721,938871,150
939063,939213,150
939390,939540,150
939813,939963,150
940083,940233,150
940392,940542,150
940565,940715,150
940732,940882,150
940912,941062,150
941069,941219,150
941350,941500,150
941605,941755,150
941816,941966,150
941976,942126,150
942145,942295,150
942330,942480,150
942500,942650,150
942677,942827,150
942928,943078,150
943092,943242,150
943264,943744,480
943850,944000,150
944066,944393,327
944717,944867,150
944941,945580,639
945736,945886,150
945896,946046,150
946060,946693,633
946723,946873,150
946939,948271,1332
948293,948443,150
948468,948618,150
948648,948798,150
948905,949055,150
949079,949229,150
949231,949381,150
949399,949549,150
949726,949876,150
949892,950042,150
950050,950200,150
950229,950379,150
950466,950616,150
950660,950810,150
950831,950981,150
951181,951331,150
951338,951488,150
951526,951676,150
951718,952016,298
952056,952206,150
952207,952357,150
952422,952572,150
952598,952748,150
952868,953018,150
953039,953189,150
953375,953660,285
953693,953843,150
953853,954003,150
954020,954170,150
954182,954332,150
954390,954540,150
954822,954972,150
955133,955283,150
955820,956123,303
956152,956302,150
956321,956471,150
956514,956664,150
956703,956853,150
956955,957105,150
957137,957287,150
957469,957619,150
957737,957887,150
957901,958051,150
958305,958455,150
958640,959378,738
959485,959635,150
959928,960201,273
960376,960526,150
960590,960740,150
960766,960916,150
960947,961865,918
962080,962230,150
962261,962411,150
962569,962719,150
962758,962908,150
963032,965831,2799
966029,966179,150
966393,966721,328
966769,966919,150
966965,967115,150
967198,968224,1026
968674,968824,150
969182,969332,150
969626,969904,278
969932,970082,150
970128,970278,150
970543,970938,395
970954,971104,150
971112,971546,434
971572,971722,150
971732,971882,150
971892,972167,275
972190,972340,150
972376,972526,150
972554,972846,292
972925,973075,150
973265,973415,150
973424,974207,783
974386,974536,150
974557,974707,150
974720,974870,150
974881,975031,150
975070,975220,150
975315,975465,150
975492,975642,150
975678,975828,150
975829,976619,790
976630,976780,150
976798,977804,1006
977939,978089,150
978136,978454,318
978479,978629,150
978669,979374,705
979395,979545,150
979569,979719,150
979738,979888,150
980027,980291,264
980385,980535,150
980709,980859,150
980962,981112,150
981149,984131,2982
984145,984295,150
984321,984471,150
984498,984648,150
984744,984894,150
985040,985190,150
985345,985752,407
985825,985975,150
985999,986149,150
986152,986302,150
986334,986484,150
986664,986956,292
987142,987292,150
987326,987476,150
987504,987654,150
987672,987822,150
987842,987992,150
988000,988150,150
988158,988308,150
988325,988475,150
988488,989495,1007
989625,989775,150
990102,990252,150
990290,990759,469
990796,990946,150
991065,991215,150
991244,991394,150
991440,991590,150
991600,992084,484
992100,992250,150
992273,992423,150
992448,992598,150
992621,992771,150
992787,992937,150
992943,993093,150
993146,993296,150
993324,993669,345
993704,993854,150
993872,994022,150
994027,994177,150
994380,994530,150
994600,994750,150
994786,994936,150
994956,995258,302
995288,995438,150
995463,995613,150
995646,996114,468
996201,996351,150
996408,996558,150
996585,996735,150
996938,997088,150
997107,997257,150
997267,997417,150
997437,997587,150
997614,997764,150
997780,997930,150
997940,998090,150
998388,998538,150
998562,998712,150
998738,998888,150
998923,999073,150
999282,999432,150
999459,999609,150
999623,999773,150
999783,999933,150
999955,1000105,150
1000131,1000281,150
1000347,1000497,150
1000508,1001008,500
1001052,1001202,150
1001241,1001391,150
1001430,1001580,150
1001952,1002233,281
1002252,1002402,150
1002736,1002886,150
1002928,1003078,150
1003108,1003258,150
1003267,1003417,150
1003464,1004728,1264
1004752,1004902,150
1004926,1005076,150
1005101,1005706,605
1005722,1005872,150
1006015,1006533,518
1006546,1006696,150
1006722,1006872,150
1006898,1007048,150
1007079,1007229,150
1007260,1007410,150
1007412,1007562,150
1007564,1007714,150
1007743,1007893,150
1007931,1008081,150
1008126,1008411,285
1008469,1008619,150
1008654,1008804,150
1008956,1009755,799
1009800,1009950,150
1010132,1010282,150
1010306,1010456,150
1010470,1010620,150
1010638,1010788,150
1010800,1010950,150
1010983,1011133,150
1011160,1011310,150
1011390,1011540,150
1011754,1011904,150
1011928,1012691,763
1012747,1012897,150
1013271,1014084,813
1014118,1014268,150
1014414,1014564,150
1014602,1014752,150
1014781,1014931,150
1014956,1015106,150
1015127,1015277,150
1015316,1015466,150
1015486,1015636,150
1015661,1015811,150
1015840,1015990,150
1015992,1016142,150
1016148,1016298,150
1016331,1016481,150
1016563,1016713,150
1016759,1016909,150
1016910,1017060,150
1017088,1017238,150
1017272,1017563,291
1017601,1017751,150
1017783,1018178,395
1018237,1018387,150
1018588,1018738,150
1018769,1018919,150
1018949,1019099,150
1019126,1019635,509
1019654,1019804,150
1019986,1020136,150
1020187,1021080,893
1021105,1021255,150
1021281,1021577,296
1021688,1021838,150
1021913,1022063,150
1022103,1022253,150
1022334,1023261,927
1023689,1023839,150
1024063,1024333,270
1024341,1024491,150
1024504,1024654,150
1024674,1024824,150
1024978,1025128,150
1025143,1025293,150
1025311,1025461,150
1025476,1025626,150
1025638,1025788,150
1025799,1026604,805
1026910,1027060,150
1027089,1027239,150
1027254,1027404,150
1027566,1028549,983
1028705,1028855,150
1028871,1029021,150
1029035,1029185,150
1029206,1029356,150
1029481,1029631,150
1029698,1030781,1083
1030955,1031105,150
1031137,1031287,150
1031369,1031680,311
1031704,1031854,150
1031894,1034928,3034
1035184,1035334,150
1035384,1035662,278
1035682,1035832,150
1035901,1036856,955
1036895,1037045,150
1037067,1037217,150
1037241,1037391,150
1037399,1037549,150
1037793,1037943,150
1038061,1038211,150
1038226,1038376,150
1038397,1038547,150
1038555,1038847,292
1038870,1039020,150
1039026,1039176,150
1039204,1039354,150
1039378,1039528,150
1039661,1039811,150
1039825,1039975,150
1039998,1040148,150
1040175,1040470,295
1040493,1040643,150
1040784,1040934,150
1040958,1041431,473
1041463,1041613,150
1041663,1042135,472
1042219,1042369,150
1042487,1042637,150
1042701,1043145,444
1043181,1043331,150
1043435,1043585,150
1043645,1043795,150
1043888,1044038,150
1044063,1044213,150
1044223,1044373,150
1044388,1044694,306
1044883,1045033,150
1045192,1045342,150
1046154,1046796,642
1047135,1047285,150
1047311,1047461,150
1047570,1047720,150
1047802,1047952,150
1048235,1048385,150
1048407,1048557,150
1048665,1048815,150
1048989,1049139,150
1049310,1049460,150
1049647,1049797,150
1049806,1049956,150
1049973,1050123,150
1050135,1050285,150
1050299,1050575,276
1050662,1050812,150
1050858,1051008,150
1051097,1051247,150
1051460,1051610,150
1051626,1051776,150
1051799,1051949,150
1051983,1052265,282
1052324,1052474,150
1052596,1052746,150
1052821,1052971,150
1052999,1053149,150
1053173,1053323,150
1053340,1053490,150
1053512,1053662,150
1053996,1054317,321
1054526,1054676,150
1054724,1055719,995
1055746,1055896,150
1055934,1056223,289
1056259,1056409,150
1056539,1056689,150
1056707,1056857,150
1056867,1057017,150
1057031,1058772,1741
1058803,1058953,150
1058977,1059127,150
1059133,1059283,150
1059290,1059440,150
1059533,1059683,150
1059725,1059875,150
1059920,1060070,150
1060119,1060269,150
1060444,1060594,150
1060642,1060792,150
1060818,1060968,150
1060984,1061134,150
1061283,1061433,150
1061495,1061645,150
1061726,1061876,150
1061912,1062062,150
1062163,1062313,150
1062379,1062529,150
1062560,1062710,150
1062819,1062969,150
1062988,1063300,312
1063326,1063476,150
1063503,1063791,288
1063838,1063988,150
1064001,1064151,150
1064197,1064347,150
1064975,1065260,285
1065320,1065470,150
1065492,1066252,760
1066279,1066429,150
1066583,1066733,150
1067073,1067223,150
1067281,1067431,150
1067642,1067792,150
1067825,1068279,454
1068296,1068446,150
1068464,1068614,150
1068641,1068791,150
1068801,1068951,150
1068972,1069270,298
1069306,1069456,150
1069481,1069898,417
1069901,1070051,150
1070073,1070223,150
1070263,1070413,150
1070589,1070739,150
1070782,1072660,1878
1072673,1072823,150
1072829,1073731,902
1073842,1073992,150
1074010,1074354,344
1074368,1074518,150
1074565,1074715,150
1074848,1074998,150
1075067,1075333,266
1075407,1075557,150
1075585,1075883,298
1075925,1076075,150
1076080,1076230,150
1076247,1076397,150
1076428,1076578,150
1076618,1076768,150
1076785,1076935,150
1076976,1077126,150
1077146,1077296,150
1077325,1077475,150
1077483,1077633,150
1077652,1077802,150
1077804,1077954,150
1078182,1078470,288
1078501,1078651,150
1078672,1079335,663
1079549,1079699,150
1079763,1079913,150
1079939,1080089,150
1080116,1080266,150
1080294,1080747,453
1080769,1080919,150
1080937,1081087,150
1081108,1081258,150
1081294,1081444,150
1081647,1081797,150
1081808,1081958,150
1081968,1082118,150
1082134,1082284,150
1082290,1082440,150
1082637,1082787,150
1082986,1083293,307
1083475,1083625,150
1083805,1084458,653
1084618,1084768,150
1085356,1085506,150
1085661,1085811,150
1085859,1086009,150
1086348,1087579,1231
1087595,1087745,150
1087791,1088070,279
1088134,1088284,150
1088317,1088793,476
1088814,1088964,150
1089247,1090763,1516
1090801,1090951,150
1090982,1091132,150
1091169,1091319,150
1091539,1091689,150
1091730,1091880,150
1091912,1092062,150
1092085,1092235,150
1092260,1092410,150
1092433,1092583,150
1092592,1092742,150
1092760,1092910,150
1092939,1093089,150
1093108,1093258,150
1093274,1093805,531
1093828,1093978,150
1094053,1094203,150
1094219,1095000,781
1095221,1095371,150
1095386,1095680,294
1095704,1095854,150
1095879,1096029,150
1096063,1096345,282
1096586,1096736,150
1096750,1097873,1123
1097892,1098042,150
1098060,1098210,150
1098243,1098533,290
1098567,1098717,150
1098809,1098959,150
1099085,1099235,150
1099261,1099411,150
1099421,1099571,150
1099592,1099742,150
1100128,1100278,150
1100305,1100455,150
1100489,1100639,150
1100778,1100928,150
1100954,1101104,150
1101146,1101296,150
1101373,1101523,150
1102024,1102174,150
1102228,1102378,150
1102724,1103171,447
1103203,1103353,150
1103543,1103693,150
1103766,1103916,150
1103953,1104103,150
1104114,1104264,150
1104487,1104954,467
1104964,1105114,150
1105142,1105876,734
1105907,1106057,150
1106242,1106392,150
1106406,1106556,150
1106572,1106722,150
1106729,1106879,150
1106885,1107035,150
1107064,1107214,150
1107239,1107389,150
1107406,1107556,150
1107594,1107744,150
1107825,1107975,150
1107996,1108146,150
1108168,1108318,150
1108339,1108489,150
1108497,1108647,150
1108818,1108968,150
1108980,1109282,302
1109299,1109449,150
1109474,1109624,150
1109652,1109802,150
1109888,1110038,150
1110109,1110259,150
1110284,1110434,150
1110447,1110597,150
1110612,1110762,150
1110788,1110938,150
1111083,1111233,150
1111293,1111443,150
1111616,1112077,461
1112080,1112230,150
1112246,1112396,150
1112417,1112567,150
1112582,1112732,150
1112758,1112908,150
1113040,1113190,150
1113245,1113395,150
1113407,1113557,150
1113591,1113741,150
1113936,1114086,150
1114286,1114586,300
1114589,1114739,150
1114749,1114899,150
1115079,1115229,150
1115262,1116180,918
1116185,1116335,150
1116363,1116513,150
1116556,1116706,150
1116733,1116883,150
1117033,1117183,150
1117201,1117351,150
1117369,1117519,150
1117530,1117680,150
1117686,1117836,150
1118182,1118332,150
1118349,1118499,150
1118518,1118668,150
1118691,1120175,1484
1120184,1120334,150
1120354,1120504,150
1120537,1120687,150
1120707,1120857,150
1120973,1121123,150
1121545,1121695,150
1121730,1121880,150
1121900,1122050,150
1122227,1122377,150
1122398,1122548,150
1122589,1122739,150
1122862,1123012,150
1123032,1123182,150
1123209,1123359,150
1123384,1123534,150
1123548,1123698,150
1123725,1123875,150
1124039,1124189,150
1124196,1124346,150
1124356,1124506,150
1124530,1124680,150
1124694,1124844,150
1124860,1126183,1323
1126332,1126482,150
1126524,1127286,762
1127456,1127606,150
1127774,1127924,150
1128015,1128309,294
1128386,1128536,150
1128592,1128742,150
1128763,1128913,150
1128932,1129415,483
1129449,1129599,150
1129661,1130272,611
1130410,1130560,150
1130679,1130829,150
1130901,1131950,1049
1131976,1132126,150
1132147,1133061,914
1133091,1133241,150
1133264,1133414,150
1133415,1133725,310
1133754,1133904,150
1133926,1134076,150
1134094,1134244,150
1134260,1134410,150
1134418,1134568,150
1134591,1134741,150
1134747,1134897,150
1134940,1135543,603
1135550,1135700,150
1135943,1136093,150
1136255,1136799,544
1136857,1137007,150
1137028,1137699,671
1137881,1138031,150
1138062,1138212,150
1138381,1138531,150
1138734,1138884,150
1138920,1139070,150
1139122,1139272,150
1139294,1139444,150
1139449,1139599,150
1139616,1139766,150
1139797,1139947,150
1140137,1143262,3125
1143342,1143492,150
1143574,1143724,150
1144015,1144165,150
1144301,1144451,150
1144488,1144638,150
1144662,1145146,484
1145168,1145318,150
1145368,1145518,150
1145756,1145906,150
1145972,1146122,150
1146149,1146299,150
1146676,1146826,150
1146864,1147014,150
1147035,1147185,150
1147255,1148265,1010
1148270,1148420,150
1148439,1148725,286
1148750,1148900,150
1148927,1149077,150
1149099,1149249,150
1149268,1149549,281
1149591,1149741,150
1149774,1149924,150
1149938,1150088,150
1150292,1150442,150
1150469,1150619,150
1150641,1150791,150
1150959,1151109,150
1151189,1151491,302
1151533,1151683,150
1151729,1152013,284
1152063,1152213,150
1152224,1152374,150
1152388,1152538,150
1152783,1152933,150
1152960,1153110,150
1153127,1153277,150
1153292,1153442,150
1153474,1153624,150
1153653,1153803,150
1153817,1153967,150
1154001,1154151,150
1154186,1155797,1611
1155818,1155968,150
1155993,1156143,150
1156168,1156318,150
1156335,1156485,150
1156505,1156655,150
1156673,1156823,150
1157030,1157180,150
1157205,1157355,150
1157371,1157521,150
1157537,1157687,150
1157690,1157840,150
1157863,1158013,150
1158028,1158178,150
1158195,1158345,150
1158361,1158511,150
1158841,1158991,150
1159008,1159158,150
1159384,1159534,150
1159879,1160029,150
1160088,1160238,150
1160503,1160653,150
1160756,1160906,150
1161136,1161286,150
1161345,1161495,150
1161532,1161682,150
1161734,1162210,476
1162360,1162510,150
1162678,1163919,1241
1163927,1164077,150
1164251,1164552,301
1164765,1164915,150
1164936,1165086,150
1165110,1165260,150
1165279,1165429,150
1165492,1165642,150
1165667,1165817,150
1165979,1166129,150
1166157,1167654,1497
1167683,1167833,150
1168224,1168374,150
1168426,1168576,150
1168702,1169318,616
1169342,1169492,150
1169611,1169761,150
1169808,1169958,150
1169984,1171472,1488
1171533,1171683,150
1171740,1171890,150
1172255,1172405,150
1172720,1172870,150
1172999,1173149,150
1173237,1173387,150
1173537,1173687,150
1173826,1173976,150
1174004,1174154,150
1174164,1175857,1693
1175916,1176066,150
1176146,1180057,3911
1180090,1180240,150
1180265,1181002,737
1181041,1181191,150
1181243,1181393,150
1181413,1181563,150
1181610,1181961,351
1181980,1182130,150
1182280,1182430,150
1182510,1182660,150
1182796,1182946,150
1183012,1183162,150
1183246,1183396,150
1183407,1183809,402
1183817,1183967,150
1184006,1184156,150
1184370,1184520,150
1184630,1184780,150
1184848,1185498,650
1185509,1185659,150
1185692,1186126,434
1186162,1186312,150
1186314,1186464,150
1186501,1186651,150
1186666,1186816,150
1186844,1186994,150
1187045,1187195,150
1187196,1187346,150
1187391,1187541,150
1187935,1188085,150
1188192,1188342,150
1188354,1189682,1328
1189753,1189903,150
1189913,1190063,150
1190081,1190231,150
1190406,1190556,150
1190701,1190851,150
1190876,1191026,150
1191052,1191202,150
1191343,1192709,1366
1192895,1193045,150
1193066,1193394,328
1193417,1193567,150
1193585,1193735,150
1193748,1193898,150
1193971,1194269,298
1194312,1194462,150
1194798,1196516,1718
1196609,1196759,150
1196801,1196951,150
1196972,1197122,150
1197275,1197425,150
1197461,1197611,150
1197853,1198003,150
1198014,1198164,150
1198195,1198345,150
1198538,1198688,150
1198876,1199026,150
1199049,1200622,1573
1200763,1200913,150
1200962,1201112,150
1201500,1201650,150
1201677,1202784,1107
1202815,1202965,150
1202988,1203138,150
1203156,1203306,150
1203337,1203487,150
1203535,1203685,150
1203787,1203937,150
1204110,1204260,150
1204400,1204550,150
1204604,1204754,150
1204779,1204929,150
1204960,1205110,150
1205137,1205287,150
1205306,1205456,150
1205619,1205909,290
1205948,1206098,150
1206113,1206263,150
1206330,1206480,150
1206867,1207017,150
1207175,1207325,150
1207360,1208495,1135
1208533,1208683,150
1208891,1209041,150
1209054,1209204,150
1209234,1209384,150
1209440,1209773,333
1209833,1209983,150
1210068,1210364,296
1210388,1210538,150
1210579,1210729,150
1210756,1211056,300
1211085,1211235,150
1211414,1211564,150
1211590,1211740,150
1211799,1211949,150
1211957,1212107,150
1212311,1212461,150
1212499,1213010,511
1213034,1213184,150
1213206,1213356,150
1213382,1213532,150
1213695,1213845,150
1213915,1214065,150
1214150,1214300,150
1214423,1214573,150
1214713,1215073,360
1215102,1215252,150
1215273,1216233,960
1216256,1216406,150
1216505,1216655,150
1216679,1216829,150
1216857,1217007,150
1217036,1217186,150
1217220,1217370,150
1217379,1217529,150
1217578,1217855,277
1217884,1218034,150
1218070,1218359,289
1218478,1218628,150
1218826,1218976,150
1219008,1219158,150
1219172,1219322,150
1219328,1222078,2750
1222120,1222270,150
1222292,1224091,1799
1224436,1224586,150
1224637,1225267,630
1225464,1225614,150
1225829,1225979,150
1226022,1226172,150
1226266,1226416,150
1226431,1226581,150
1226617,1226767,150
1226771,1226921,150
1227083,1227233,150
1227252,1227402,150
1227423,1227573,150
1227599,1227749,150
1227850,1228365,515
1228380,1228530,150
1228551,1228701,150
1228721,1228871,150
1228879,1229029,150
1229054,1229204,150
1229354,1229504,150
1229522,1229819,297
1229856,1230006,150
1230033,1230571,538
1230612,1230762,150
1230806,1230956,150
1231163,1231313,150
1231463,1231613,150
1231634,1231784,150
1231826,1231976,150
1231995,1232145,150
1232151,1232301,150
1232308,1232458,150
1232494,1232644,150
1232957,1233257,300
1233286,1233436,150
1233485,1234796,1311
1234821,1234971,150
1235001,1235151,150
1235168,1235318,150
1235331,1235481,150
1235497,1235647,150
1235668,1235818,150
1235841,1235991,150
1236025,1236175,150
1236264,1236414,150
1236497,1236647,150
1236843,1236993,150
1237074,1237224,150
1237244,1237394,150
1237447,1237597,150
1237782,1237932,150
1237986,1238136,150
1238170,1238320,150
1238371,1238521,150
1238540,1239147,607
1239213,1239363,150
1239395,1239545,150
1239650,1239800,150
1239962,1240112,150
1240132,1240282,150
1240291,1240441,150
1240469,1240619,150
1240632,1240782,150
1240908,1241058,150
1241193,1241505,312
1241712,1241862,150
1241916,1242917,1001
1242928,1243078,150
1243113,1243263,150
1243519,1243669,150
1243875,1244025,150
1244121,1244271,150
1244310,1244460,150
1244580,1244730,150
1244767,1244917,150
1244949,1245099,150
1245141,1245291,150
1245372,1245522,150
1245840,1245990,150
1246047,1246197,150
1246236,1246386,150
1246566,1246716,150
1246741,1247093,352
1247422,1247572,150
1247581,1248052,471
1248111,1248261,150
1248424,1248574,150
1248714,1248864,150
1248975,1249125,150
1249175,1249325,150
1249385,1249716,331
1249751,1249901,150
1250044,1250194,150
1250330,1250480,150
1250592,1251349,757
1251518,1251668,150
1251708,1251858,150
1251890,1252040,150
1252068,1252218,150
1252250,1252400,150
1252572,1252722,150
1252786,1253263,477
1253343,1253493,150
1253566,1254163,597
1254187,1254337,150
1254534,1254805,271
1255044,1255194,150
1255237,1255834,597
1255866,1256016,150
1256030,1256180,150
1256201,1256351,150
1256367,1256517,150
1256522,1256835,313
1256854,1257004,150
1257013,1257163,150
1257182,1257332,150
1257484,1257634,150
1257640,1257790,150
1257800,1257950,150
1257967,1258117,150
1258141,1258408,267
1258438,1258588,150
1258589,1258739,150
1258837,1258987,150
1259012,1259771,759
1259808,1259958,150
1260074,1260224,150
1260258,1260408,150
1260409,1260559,150
1260577,1260727,150
1260728,1262086,1358
1262118,1262268,150
1262301,1262451,150
1262506,1263462,956
1263498,1263648,150
1263684,1263834,150
1263866,1264016,150
1264035,1264725,690
1264766,1264916,150
1264944,1265094,150
1265135,1265285,150
1265351,1265501,150
1265525,1265823,298
1265844,1265994,150
1266007,1266157,150
1266195,1266832,637
1266953,1267103,150
1267133,1267283,150
1267454,1267604,150
1267628,1267778,150
1267808,1267958,150
1268130,1268280,150
1268343,1268493,150
1268495,1268645,150
1268674,1268824,150
1268862,1269012,150
1269015,1269165,150
1269191,1269341,150
1269366,1269516,150
1269538,1269688,150
1269730,1269880,150
1269913,1270063,150
1270074,1270224,150
1270257,1270407,150
1270450,1270600,150
1270601,1270751,150
1270757,1270907,150
1270930,1271080,150
1271111,1271261,150
1271293,1271591,298
1271613,1271763,150
1271784,1271934,150
1272015,1272165,150
1272188,1272338,150
1272354,1272649,295
1272680,1272830,150
1272844,1273262,418
1273319,1273469,150
1273491,1273641,150
1273645,1273795,150
1273982,1274132,150
1274254,1274404,150
1274572,1274722,150
1274744,1274894,150
1274935,1276055,1120
1276067,1276217,150
1276225,1276375,150
1276406,1276556,150
1276723,1278017,1294
1278027,1278177,150
1278182,1278332,150
1278367,1278517,150
1278546,1278696,150
1278804,1278954,150
1278960,1279110,150
1279145,1279295,150
1279298,1279448,150
1279482,1279632,150
1279653,1281315,1662
1281445,1281595,150
1281645,1281934,289
1281962,1282112,150
1282150,1282300,150
1282321,1283766,1445
1283791,1283941,150
1283962,1284278,316
1284283,1284433,150
1284635,1284785,150
1284917,1285067,150
1285111,1285261,150
1285292,1285442,150
1285614,1285764,150
1285903,1286053,150
1286212,1286362,150
1286437,1286876,439
1286990,1287140,150
1287177,1289412,2235
1289466,1289616,150
1289912,1290062,150
1290111,1290261,150
1290278,1290580,302
1290634,1290784,150
1290798,1290948,150
1290971,1291121,150
1291144,1291294,150
1291328,1291478,150
1291529,1291679,150
1291734,1291884,150
1291905,1292055,150
1292077,1292227,150
1292517,1292667,150
1292686,1292836,150
1292864,1293014,150
1293040,1293327,287
1293555,1293705,150
1293715,1293865,150
1293889,1294039,150
1294078,1294228,150
1294327,1294477,150
1294501,1294651,150
1294677,1294827,150
1294861,1295011,150
1295035,1295185,150
1295224,1295374,150
1295381,1295531,150
1295561,1295711,150
1295727,1295877,150
1295906,1296533,627
1296798,1296948,150
1297031,1297181,150
1297289,1298173,884
1298195,1298345,150
1298362,1299014,652
1299179,1299329,150
1299460,1299610,150
1299749,1300342,593
1300378,1300528,150
1300572,1300871,299
1300914,1301064,150
1301099,1301249,150
1301265,1301415,150
1301432,1301776,344
1301820,1301970,150
1302018,1302168,150
1302184,1302823,639
1302838,1302988,150
1303023,1303173,150
1303179,1303329,150
1303348,1303498,150
1303620,1303770,150
1303807,1303957,150
1303984,1304134,150
1304152,1304302,150
1304335,1304631,296
1304654,1304804,150
1304816,1305554,738
1305638,1305788,150
1305838,1305988,150
1306027,1306319,292
1306344,1306494,150
1306520,1307967,1447
1307980,1308130,150
1308151,1308588,437
1308822,1308972,150
1309269,1309419,150
1309496,1310370,874
1310420,1310570,150
1310614,1311564,950
1311714,1311864,150
1311963,1312113,150
1312314,1313358,1044
1313369,1313519,150
1313537,1313687,150
1313717,1313867,150
1313920,1314070,150
1314087,1314237,150
1314416,1314566,150
1314581,1314881,300
1314920,1315070,150
1315243,1315393,150
1315454,1315604,150
1315725,1315875,150
1315942,1316409,467
1316413,1316563,150
1316565,1316715,150
1316750,1317038,288
1317069,1317219,150
1317321,1317471,150
1317518,1317668,150
1317684,1317834,150
1317841,1317991,150
1318005,1318155,150
1318353,1318503,150
1318603,1318753,150
1318758,1318908,150
1318941,1319233,292
1319240,1319390,150
1319544,1319694,150
1319776,1319926,150
1320007,1321227,1220
1321330,1321480,150
1321703,1322019,316
1322097,1322247,150
1322388,1322847,459
1322893,1323043,150
1323069,1323382,313
1323683,1323833,150
1323860,1324010,150
1324025,1324175,150
1324197,1324347,150
1324361,1324511,150
1324523,1324673,150
1324675,1325522,847
1325541,1325691,150
1325868,1326018,150
1326058,1326208,150
1326227,1326542,315
1326580,1326730,150
1326760,1326910,150
1326940,1327090,150
1327099,1327249,150
1327287,1327437,150
1327458,1327608,150
1327745,1327895,150
1327930,1328224,294
1328243,1328393,150
1328403,1328553,150
1328578,1328906,328
1329069,1329219,150
1329249,1329399,150
1329601,1329751,150
1329816,1330169,353
1330268,1330418,150
1330560,1331044,484
1331091,1331241,150
1331258,1331408,150
1331440,1331590,150
1331604,1331754,150
1331767,1331917,150
1331931,1332081,150
1332115,1332265,150
1332280,1332959,679
1333004,1333154,150
1333348,1333498,150
1333529,1333679,150
1333701,1334481,780
1334538,1334688,150
1334738,1336287,1549
1336486,1336636,150
1336679,1336829,150
1336874,1337024,150
1337047,1337197,150
1337205,1337355,150
1337405,1338379,974
1338421,1338571,150
1338589,1338739,150
1338762,1338912,150
1339098,1339248,150
1339254,1339404,150
1339450,1339600,150
1339625,1339775,150
1340029,1340179,150
1340253,1340890,637
1340916,1341066,150
1341081,1341231,150
1341250,1341400,150
1341416,1341566,150
1341701,1341851,150
1341855,1342005,150
1342029,1342179,150
1342357,1342507,150
1342520,1343120,600
1343163,1343313,150
1343379,1343529,150
1343554,1343704,150
1343732,1343882,150
1343884,1344034,150
1344053,1344203,150
1344217,1344367,150
1344384,1344534,150
1344556,1344706,150
1344725,1344875,150
1344956,1345106,150
1345114,1345264,150
1345295,1345445,150
1345484,1345634,150
1345649,1345799,150
1345818,1345968,150
1345986,1346136,150
1346143,1346293,150
1346319,1346469,150
1346511,1348493,1982
1348534,1348684,150
1348724,1348874,150
1349054,1350028,974
1350117,1350267,150
1350496,1350787,291
1350818,1350968,150
1350993,1351143,150
1351169,1351454,285
1351477,1351627,150
1351649,1352544,895
1352689,1352839,150
1353021,1353171,150
1353179,1353329,150
1353358,1353862,504
1354100,1354250,150
1354471,1354621,150
1354626,1355185,559
1355269,1355419,150
1355427,1357542,2115
1357596,1357746,150
1357907,1358057,150
1358159,1358309,150
1358323,1358798,475
1358823,1358973,150
1359159,1359309,150
1359524,1360096,572
1360141,1360291,150
1360462,1360612,150
1360620,1360770,150
1360939,1361089,150
1361143,1361293,150
1361456,1361606,150
1361638,1361788,150
1361794,1361944,150
1361972,1362122,150
1362135,1362285,150
1362304,1362454,150
1362490,1362640,150
1362668,1362818,150
1362981,1363131,150
1363196,1363346,150
1363367,1363517,150
1363645,1363795,150
1364035,1364185,150
1364214,1365268,1054
1365616,1365766,150
1365782,1366392,610
1366417,1366567,150
1366589,1366739,150
1366892,1367175,283
1367205,1367355,150
1367400,1367550,150
1367780,1367930,150
1367940,1368090,150
1368137,1368287,150
1368321,1371361,3040
1371433,1371583,150
1371606,1371756,150
1371801,1371951,150
1371975,1372125,150
1372145,1372295,150
1372307,1372457,150
1372477,1372627,150
1372677,1372827,150
1372905,1373055,150
1373100,1373554,454
1373579,1373729,150
1373743,1373893,150
1373902,1374052,150
1374065,1374215,150
1374216,1374366,150
1374571,1374721,150
1374729,1374879,150
1374895,1375045,150
1375104,1375254,150
1375262,1375412,150
1375438,1375588,150
1375610,1375760,150
1375962,1376112,150
1376213,1376363,150
1376389,1376539,150
1376545,1376695,150
1376731,1376881,150
1376935,1377085,150
1377153,1377448,295
1377479,1377629,150
1377658,1377808,150
1377818,1377968,150
1378126,1378276,150
1378317,1378467,150
1378508,1378658,150
1378783,1378933,150
1378967,1379117,150
1379273,1379423,150
1379456,1379606,150
1379652,1379802,150
1379948,1380098,150
1380118,1380268,150
1380283,1380433,150
1380446,1380596,150
1380633,1380783,150
1380804,1380954,150
1381115,1381265,150
1381287,1381897,610
1382071,1382221,150
1382501,1382651,150
1382749,1382899,150
1382981,1383131,150
1383209,1383572,363
1383712,1383862,150
1384036,1384186,150
1384216,1387505,3289
1387520,1387670,150
1387716,1387866,150
1387898,1388048,150
1388073,1388223,150
1388259,1388409,150
1388495,1389283,788
1389414,1389564,150
1389734,1390371,637
1390407,1390557,150
1390597,1390876,279
1390944,1391094,150
1391174,1391324,150
1391387,1391537,150
1391572,1391722,150
1391752,1392388,636
1392425,1392575,150
1392610,1392760,150
1392832,1392982,150
1393161,1394415,1254
1394575,1394725,150
1394750,1394900,150
1394933,1395083,150
1395113,1395263,150
1395290,1395440,150
1395451,1395601,150
1395611,1395761,150
1395798,1395948,150
1395961,1396111,150
1396140,1396290,150
1396310,1396460,150
1396479,1396629,150
1397127,1397277,150
1397551,1398335,784
1398381,1398531,150
1398555,1398705,150
1398720,1398870,150
1398896,1399046,150
1399050,1399200,150
1399231,1399519,288
1399562,1399712,150
1399805,1399955,150
1400012,1400358,346
1400467,1400617,150
1400635,1400785,150
1400806,1400956,150
1400974,1401291,317
1401341,1401491,150
1401750,1401900,150
1402020,1402707,687
1403071,1403221,150
1403576,1404054,478
1404071,1404221,150
1404222,1404527,305
1404587,1404737,150
1404764,1404914,150
1404954,1405104,150
1405229,1405379,150
1405570,1405720,150
1405743,1405893,150
1405926,1406384,458
1406697,1406847,150
1406937,1407087,150
1407160,1408106,946
1408119,1408269,150
1408292,1408442,150
1408647,1408797,150
1408869,1409019,150
1409063,1409213,150
1409224,1410412,1188
1410479,1410629,150
1411205,1411990,785
1412039,1412189,150
1412268,1412418,150
1412473,1412623,150
1412782,1412932,150
1412956,1413106,150
1413157,1413660,503
1413800,1413950,150
1414045,1414195,150
1414220,1414370,150
1414494,1414783,289
1414891,1415041,150
1415089,1416067,978
1416076,1416226,150
1416399,1416549,150
1416627,1416777,150
1416873,1417023,150
1417043,1417719,676
1417940,1418090,150
1418198,1418348,150
1418394,1418544,150
1418602,1418752,150
1418788,1418938,150
1419058,1419838,780
1419872,1420022,150
1420196,1420346,150
1420505,1420655,150
1420691,1420989,298
1421038,1421188,150
1421204,1421354,150
1421460,1421610,150
1421781,1421931,150
1422001,1423165,1164
1423181,1423331,150
1423452,1423602,150
1423768,1423918,150
1424092,1424242,150
1424279,1424578,299
1424581,1424731,150
1424749,1424899,150
1424931,1425081,150
1425134,1425284,150
1425522,1427030,1508
1427137,1427287,150
1427342,1427492,150
1427555,1427705,150
1427810,1427960,150
1428122,1428272,150
1428473,1428623,150
1428661,1429414,753
1429428,1429578,150
1429600,1429750,150
1429757,1429907,150
1430042,1430192,150
1430214,1430364,150
1430397,1430547,150
1430569,1430719,150
1430750,1430900,150
1431045,1431195,150
1431558,1431708,150
1431744,1431894,150
1432050,1432200,150
1432202,1432352,150
1432405,1432834,429
1432865,1433015,150
1433039,1433189,150
1433392,1433542,150
1433582,1433732,150
1433799,1433949,150
1433978,1434128,150
1434141,1434465,324
1434494,1434644,150
1434657,1434953,296
1434975,1435125,150
1435134,1435284,150
1435297,1435447,150
1435539,1435689,150
1435719,1435869,150
1435897,1436184,287
1436233,1436383,150
1436406,1436556,150
1436569,1436719,150
1436737,1436887,150
1436914,1437064,150
1437074,1437224,150
1437250,1437400,150
1437586,1437736,150
1437751,1437901,150
1437916,1438066,150
1438143,1438293,150
1438308,1438458,150
1438477,1438627,150
1438642,1438792,150
1438818,1438968,150
1439126,1439276,150
1439282,1439887,605
1439895,1440045,150
1440067,1440217,150
1440260,1440410,150
1440454,1440604,150
1440663,1440813,150
1440868,1442118,1250
1442136,1442286,150
1442304,1442454,150
1442493,1442643,150
1442689,1442839,150
1442904,1443427,523
1443623,1443773,150
1443866,1444016,150
1444038,1444188,150
1444201,1444351,150
1444367,1444517,150
1444657,1444807,150
1444857,1446178,1321
1446188,1446338,150
1446373,1446523,150
1446537,1446687,150
1446850,1447000,150
1447049,1447336,287
1447490,1447640,150
1447680,1448524,844
1448577,1448727,150
1448764,1448914,150
1448924,1449074,150
1449095,1449389,294
1449421,1449571,150
1449585,1449735,150
1449771,1449921,150
1449994,1450144,150
1450222,1450372,150
1450404,1450554,150
1450573,1450723,150
1450743,1450893,150
1450900,1451050,150
1451067,1451217,150
1451226,1451376,150
1451400,1451550,150
1451553,1451703,150
1451736,1453452,1716
1453468,1453618,150
1453642,1453792,150
1453810,1453960,150
1453972,1454122,150
1454156,1454306,150
1454495,1454645,150
1454692,1454842,150
1454843,1454993,150
1455028,1455178,150
1455198,1455638,440
1455741,1455891,150
1456121,1456417,296
1456504,1456654,150
1456681,1456831,150
1456856,1457006,150
1457018,1457168,150
1457201,1457351,150
1457535,1457685,150
1457748,1457898,150
1458085,1458235,150
1458290,1458440,150
1458448,1458598,150
1458640,1458790,150
1458820,1459128,308
1459136,1459286,150
1459300,1459450,150
1459474,1459624,150
1459644,1459794,150
1459822,1460117,295
1460129,1460279,150
1460288,1460438,150
1460454,1460604,150
1460665,1460815,150
1460852,1461468,616
1461534,1461684,150
1461809,1461959,150
1461993,1462143,150
1462166,1462316,150
1462334,1462650,316
1462667,1462817,150
1462887,1463037,150
1463216,1463366,150
1463414,1463564,150
1463587,1463913,326
1463927,1464077,150
1464103,1464253,150
1464312,1465459,1147
1465487,1465637,150
1465662,1465812,150
1465858,1466008,150
1466037,1466187,150
1466200,1466350,150
1466386,1466536,150
1466569,1466862,293
1466884,1467034,150
1467050,1467200,150
1467205,1467355,150
1467373,1467523,150
1467549,1468137,588
1468185,1468335,150
1468378,1468528,150
1468718,1468868,150
1468904,1469054,150
1469105,1469881,776
1470029,1470179,150
1470206,1470356,150
1470373,1470523,150
1470544,1470694,150
1470953,1471274,321
1471330,1471480,150
1471498,1471648,150
1471675,1471825,150
1471991,1472141,150
1472176,1472326,150
1472378,1472528,150
1472545,1472695,150
1472718,1473186,468
1473382,1473532,150
1473555,1473705,150
1473815,1473965,150
1473981,1474131,150
1474148,1474298,150
1474324,1474474,150
1474504,1474654,150
1474686,1474836,150
1474881,1475031,150
1475052,1475202,150
1475235,1475385,150
1475423,1475573,150
1475612,1475762,150
1475797,1475947,150
1475984,1476134,150
1476156,1476306,150
1476322,1476472,150
1476496,1476646,150
1476658,1476808,150
1476852,1477002,150
1477034,1477184,150
1477205,1477355,150
1477391,1477541,150
1477569,1477719,150
1477736,1477886,150
1477911,1478061,150
1478083,1478233,150
1478277,1478427,150
1478483,1478633,150
1478673,1478823,150
1478843,1478993,150
1479027,1479322,295
1479353,1479503,150
1479527,1479677,150
1479709,1479859,150
1479885,1480035,150
1480069,1480219,150
1480223,1480373,150
1480578,1480728,150
1480912,1481062,150
1481068,1481218,150
1481243,1482089,846
1482319,1482469,150
1482503,1482653,150
1482779,1482929,150
1483182,1483332,150
1483513,1483663,150
1483698,1483848,150
1483852,1484002,150
1484024,1484174,150
1484194,1484344,150
1484358,1484508,150
1484522,1484672,150
1484772,1484922,150
1484969,1485119,150
1485155,1485607,452
1485777,1485927,150
1485956,1486106,150
1486128,1486278,150
1486284,1486434,150
1486436,1486937,501
1487143,1487293,150
1487352,1487502,150
1487673,1487823,150
1487843,1488333,490
1488493,1488643,150
1488658,1488808,150
1488820,1488970,150
1488986,1489136,150
1489428,1489578,150
1489742,1489892,150
1489900,1490050,150
1490244,1490394,150
1490407,1490557,150
1490689,1490839,150
1490865,1491015,150
1491111,1491546,435
1491811,1491961,150
1491979,1492129,150
1492291,1492441,150
1492494,1493119,625
1493143,1493293,150
1493474,1493624,150
1493776,1493926,150
1494105,1494255,150
1494271,1494421,150
1494436,1494586,150
1494606,1495385,779
1495410,1495560,150
1495662,1496015,353
1496028,1496178,150
1496200,1496350,150
1496369,1497638,1269
1497668,1497818,150
1497838,1497988,150
1498043,1498193,150
1498340,1498490,150
1498584,1498938,354
1498992,1499142,150
1499185,1499335,150
1499385,1499535,150
1499587,1499737,150
1499830,1499980,150
1500027,1500177,150
1500270,1500420,150
1500450,1501335,885
1501594,1501744,150
1501979,1502620,641
1502655,1502805,150
1502937,1503756,819
1503979,1504129,150
1504219,1504369,150
1504597,1504747,150
1504861,1505011,150
1505066,1505216,150
1505270,1505585,315
1505605,1505755,150
1505901,1506319,418
1506450,1506600,150
1506678,1506828,150
1506989,1507139,150
1507159,1507657,498
1507664,1507814,150
1508124,1508274,150
1508294,1508444,150
1508628,1509624,996
1509771,1509921,150
1510094,1511202,1108
1511350,1511500,150
1511655,1511805,150
1511930,1512080,150
1512141,1512291,150
1512436,1513084,648
1513253,1513403,150
1513431,1513581,150
1513848,1514515,667
1514531,1514681,150
1514716,1514866,150
1514890,1515040,150
1515051,1515201,150
1515342,1515996,654
1516019,1516169,150
1516271,1517073,802
1517203,1517353,150
1517376,1517526,150
1517549,1517699,150
1517883,1518033,150
1518117,1520055,1938
1520090,1520240,150
1520264,1520414,150
1520429,1520579,150
1520646,1520796,150
1520860,1521010,150
1521121,1521449,328
1521517,1521667,150
1521695,1521845,150
1521873,1522023,150
1522048,1522198,150
1522212,1522362,150
1522376,1522526,150
1522703,1522853,150
1522985,1523135,150
1523261,1523896,635
1524068,1524218,150
1524285,1524435,150
1524446,1524596,150
1524749,1524899,150
1524931,1526189,1258
1526575,1526725,150
1526989,1527139,150
1527202,1527352,150
1527383,1527533,150
1527549,1528227,678
1528330,1528480,150
1528853,1529150,297
1529171,1529321,150
1529443,1529593,150
1529731,1529881,150
1529886,1530036,150
1530052,1530202,150
1530216,1530366,150
1530391,1530541,150
1530542,1530692,150
1530706,1530856,150
1530892,1531042,150
1531204,1531354,150
1531429,1532410,981
1532426,1532576,150
1532607,1532757,150
1532915,1533065,150
1533072,1533222,150
1533259,1533409,150
1533414,1533564,150
1533979,1534129,150
1534339,1534489,150
1534538,1534688,150
1534886,1535036,150
1535223,1535373,150
1535396,1535546,150
1535562,1535712,150
1535726,1535876,150
1535885,1536035,150
1536047,1536197,150
1536209,1536359,150
1536538,1536688,150
1536694,1536844,150
1536860,1537010,150
1537040,1537190,150
1537222,1537372,150
1537389,1537539,150
1537572,1537722,150
1537769,1537919,150
1537924,1538074,150
1538170,1538320,150
1538352,1538502,150
1538537,1538687,150
1538707,1538857,150
1538878,1539028,150
1539029,1539179,150
1539219,1539369,150
1539412,1540108,696
1540173,1540323,150
1540360,1541332,972
1541349,1541499,150
1541517,1541667,150
1541672,1541822,150
1541844,1541994,150
1542048,1542198,150
1542208,1542358,150
1542379,1542529,150
1542536,1542686,150
1542719,1542999,280
1543061,1543211,150
1543212,1543362,150
1543400,1543550,150
1543555,1543705,150
1543724,1543874,150
1543895,1544205,310
1544215,1544365,150
1544392,1544663,271
1544697,1544847,150
1544851,1545426,575
1545489,1545639,150
1545663,1545813,150
1545836,1545986,150
1546012,1546162,150
1546203,1546353,150
1546359,1546509,150
1546544,1546694,150
1546726,1547513,787
1547556,1547706,150
1547862,1548661,799
1548672,1548822,150
1548844,1548994,150
1549000,1549150,150
1549189,1549339,150
1549350,1549500,150
1549560,1549710,150
1549907,1550057,150
1550073,1550223,150
1550262,1550412,150
1550448,1550598,150
1550609,1550759,150
1550774,1550924,150
1550959,1551898,939
1551938,1552088,150
1552218,1552368,150
1552393,1553696,1303
1553718,1553868,150
1554047,1554197,150
1554228,1554378,150
1554575,1554725,150
1554942,1555092,150
1555119,1555269,150
1555291,1556572,1281
1556700,1556850,150
1556933,1557083,150
1557115,1557265,150
1557272,1557564,292
1557586,1557736,150
1557776,1557926,150
1558328,1558478,150
1558482,1558632,150
1558656,1558806,150
1558841,1558991,150
1559168,1559318,150
1559319,1559469,150
1559486,1559636,150
1559644,1559794,150
1559812,1560552,740
1560933,1561083,150
1561157,1561307,150
1561320,1561470,150
1561494,1561644,150
1561650,1562627,977
1562676,1562826,150
1563055,1563205,150
1563433,1563583,150
1563587,1563895,308
1564220,1564370,150
1564664,1565666,1002
1565696,1565846,150
1565863,1566013,150
1566025,1566175,150
1566195,1566345,150
1566384,1566534,150
1566550,1566700,150
1566722,1567036,314
1567042,1567192,150
1567232,1567382,150
1567507,1567784,277
1567824,1567974,150
1567991,1568141,150
1568183,1569410,1227
1569434,1569584,150
1569598,1569748,150
1569764,1569914,150
1569968,1571396,1428
1571443,1571593,150
1571627,1571777,150
1571802,1571952,150
1572047,1572197,150
1572233,1572383,150
1572420,1572570,150
1572587,1572737,150
1572756,1572906,150
1572908,1573058,150
1573108,1573258,150
1573263,1573413,150
1573446,1573596,150
1573638,1573788,150
1573841,1573991,150
1574158,1574308,150
1574332,1574482,150
1574490,1574640,150
1574651,1574801,150
1574820,1574970,150
1574989,1575139,150
1575210,1576528,1318
1576556,1576706,150
1576741,1576891,150
1576910,1577060,150
1577143,1577293,150
1577535,1577685,150
1577716,1577866,150
1577913,1578063,150
1578095,1578245,150
1578261,1578411,150
1578437,1578587,150
1578616,1578766,150
1578771,1579103,332
1579114,1579264,150
1579282,1579432,150
1579445,1580175,730
1580207,1580357,150
1580520,1581776,1256
1581812,1581962,150
1582352,1582502,150
1582518,1582668,150
1582679,1582829,150
1582839,1582989,150
1583032,1584863,1831
1584922,1585072,150
1585510,1585660,150
1585680,1585830,150
1585842,1585992,150
1586009,1586159,150
1586182,1586473,291
1586502,1586652,150
1586741,1587207,466
1587238,1587388,150
1587417,1587567,150
1587581,1587991,410
1588284,1588434,150
1588507,1588657,150
1588681,1588831,150
1588854,1589004,150
1589024,1589174,150
1589195,1589345,150
1589375,1589525,150
1589549,1589699,150
1589729,1589879,150
1589965,1590115,150
1590165,1590315,150
1590352,1591076,724
1591138,1591288,150
1591296,1591446,150
1591482,1591632,150
1591664,1591814,150
1591878,1592028,150
1592078,1592228,150
1592239,1592389,150
1592429,1592579,150
1592630,1593043,413
1593203,1593353,150
1593626,1595192,1566
1595200,1595350,150
1595505,1595655,150
1595691,1595841,150
1596003,1596153,150
1596453,1596603,150
1596724,1597906,1182
1597932,1598082,150
1598206,1598356,150
1598542,1598692,150
1598716,1599004,288
1599018,1599168,150
1599187,1599337,150
1599371,1599521,150
1599544,1599694,150
1599816,1599966,150
1599988,1600138,150
1600166,1600316,150
1600488,1600638,150
1600658,1600808,150
1600836,1600986,150
1601346,1602568,1222
1602598,1602748,150
1602755,1603227,472
1603265,1603415,150
1603447,1604729,1282
1604750,1604900,150
1604918,1605068,150
1605096,1605246,150
1605311,1605461,150
1605501,1605651,150
1605711,1605861,150
1605891,1607393,1502
1607408,1607558,150
1607581,1607731,150
1607762,1607912,150
1607932,1608082,150
1608402,1609018,616
1609030,1609180,150
1609192,1609342,150
1609347,1609497,150
1609512,1609662,150
1609694,1609844,150
1609916,1610066,150
1610120,1610270,150
1610291,1610441,150
1610465,1610615,150
1610639,1610789,150
1610803,1610953,150
1611154,1611304,150
1611429,1611579,150
1611656,1611806,150
1612027,1612177,150
1612197,1612492,295
1612539,1612689,150
1612714,1612864,150
1612896,1613212,316
1613367,1613517,150
1613773,1614269,496
1614318,1614468,150
1614514,1614664,150
1614665,1614815,150
1614839,1614989,150
1615066,1615216,150
1615232,1615382,150
1615431,1615719,288
1615738,1615888,150
1615910,1616224,314
1616242,1616392,150
1616416,1616566,150
1616764,1616914,150
1616936,1617086,150
1617111,1617261,150
1617295,1617568,273
1617593,1617743,150
1618140,1618290,150
1618520,1618670,150
1618693,1618843,150
1618885,1620287,1402
1620335,1620485,150
1620562,1620911,349
1621047,1621197,150
1621311,1621461,150
1621508,1621658,150
1621702,1621852,150
1621871,1622021,150
1622224,1622374,150
1622417,1622567,150
1622582,1623583,1001
1623723,1623873,150
1623883,1624754,871
1624787,1624937,150
1625124,1625274,150
1625276,1625426,150
1625446,1625596,150
1625902,1626509,607
1626528,1626678,150
1626698,1626848,150
1626919,1627069,150
1627387,1627537,150
1627632,1629077,1445
1629097,1629247,150
1629313,1629463,150
1629531,1630508,977
1630605,1630755,150
1630974,1631124,150
1631180,1631330,150
1631357,1631507,150
1631554,1631704,150
1631916,1632871,955
1632995,1633145,150
1633336,1633486,150
1633505,1633831,326
1634137,1634287,150
1634305,1634940,635
1634986,1635136,150
1635239,1635389,150
1635692,1635987,295
1635997,1636147,150
1636158,1636308,150
1636327,1636477,150
1636602,1636752,150
1636810,1637256,446
1637271,1637421,150
1637457,1637911,454
1637924,1638074,150
1638191,1638341,150
1638374,1638846,472
1638848,1638998,150
1639021,1639171,150
1639507,1639657,150
1639675,1639825,150
1639852,1640002,150
1640016,1640166,150
1640183,1640333,150
1640362,1640512,150
1640832,1640982,150
1641129,1641279,150
1641311,1641951,640
1642131,1642281,150
1642309,1642459,150
1642496,1643355,859
1643374,1643524,150
1643546,1643696,150
1643733,1643883,150
1643888,1644038,150
1644058,1644208,150
1644240,1644390,150
1644401,1645727,1326
1645817,1645967,150
1646124,1646274,150
1646306,1646456,150
1646513,1647018,505
1647296,1647446,150
1647485,1647635,150
1647670,1648275,605
1648398,1648548,150
1648716,1648866,150
1649020,1653401,4381
1653574,1653724,150
1654017,1654167,150
1654319,1654605,286
1654620,1654770,150
1654805,1654955,150
1654984,1655134,150
1655161,1655311,150
1655324,1655474,150
1655480,1655630,150
1655658,1655808,150
1656049,1656798,749
1656807,1656957,150
1656990,1657140,150
1657153,1657303,150
1657315,1657465,150
1657478,1657628,150
1657641,1657791,150
1657814,1657964,150
1658002,1658152,150
1658228,1658378,150
1658399,1658549,150
1658582,1659300,718
1659316,1659466,150
1659495,1659645,150
1659668,1659818,150
1659861,1660819,958
1660847,1660997,150
1661034,1661184,150
1661204,1661354,150
1661355,1661505,150
1661556,1661706,150
1661749,1662035,286
1662066,1662216,150
1662237,1662387,150
1662412,1662562,150
1662574,1662867,293
1662914,1663064,150
1663527,1663677,150
1663725,1663875,150
1664378,1664528,150
1664537,1664687,150
1664710,1664860,150
1665003,1665153,150
1665181,1665331,150
1665350,1665500,150
1665836,1665986,150
1666046,1666196,150
1666409,1666559,150
1666793,1666943,150
1667126,1667276,150
1667320,1667470,150
1667616,1668876,1260
1668909,1669059,150
1669085,1669397,312
1669523,1669673,150
1669694,1669844,150
1669875,1670165,290
1670189,1670339,150
1670360,1671227,867
1671248,1671398,150
1671414,1671564,150
1671583,1671733,150
1671770,1671920,150
1671936,1672086,150
1672097,1672247,150
1672257,1672407,150
1672759,1672909,150
1673014,1673560,546
1673720,1673870,150
1673887,1674037,150
1674078,1674228,150
1674317,1674467,150
1674484,1674634,150
1674653,1674803,150
1674823,1674973,150
1674985,1675135,150
1675152,1675451,299
1675468,1675618,150
1675620,1677161,1541
1677205,1677355,150
1677515,1677665,150
1677689,1677839,150
1677982,1678132,150
1678171,1678321,150
1678331,1678481,150
1678507,1678657,150
1678664,1678814,150
1678834,1678984,150
1679230,1679380,150
1679603,1679753,150
1679780,1680707,927
1680850,1681000,150
1681239,1681389,150
1681406,1681556,150
1681573,1681868,295
1681890,1682040,150
1682063,1682213,150
1682225,1682375,150
1682391,1682541,150
1682591,1682741,150
1682897,1683047,150
1683055,1683205,150
1683934,1684084,150
1684490,1684640,150
1684821,1684971,150
1684999,1685149,150
1685193,1685343,150
1686266,1686416,150
1686782,1686932,150
1687077,1687227,150
1687243,1687574,331
1687607,1687757,150
1687945,1688095,150
1688114,1689105,991
1689141,1689291,150
1689397,1689547,150
1689681,1690278,597
1690297,1690447,150
1690474,1691084,610
1691091,1691241,150
1691262,1691412,150
1691440,1691590,150
1691620,1691770,150
1691954,1692104,150
1692121,1692271,150
1692287,1692437,150
1692477,1692627,150
1692636,1692786,150
1692800,1692950,150
1692971,1693797,826
1694308,1694458,150
1694508,1694832,324
1694855,1695005,150
1695007,1695157,150
1695168,1695318,150
1695345,1695495,150
1695677,1695827,150
1695855,1696005,150
1696044,1696194,150
1696224,1696503,279
1696563,1696713,150
1696744,1696894,150
1696918,1697563,645
1697624,1697774,150
1697807,1697957,150
1697970,1698251,281
1698282,1698432,150
1698573,1698723,150
1698754,1698904,150
1698939,1699089,150
1699247,1699397,150
1699437,1699902,465
1700060,1700210,150
1700474,1700624,150
1700670,1700820,150
1700829,1701393,564
1701472,1701622,150
1701812,1702385,573
1702395,1702545,150
1702547,1702697,150
1702719,1702869,150
1702871,1703021,150
1703030,1703180,150
1703315,1703465,150
1703500,1703650,150
1703685,1703835,150
1703856,1704006,150
1704022,1704715,693
1704769,1704919,150
1704932,1705082,150
1705156,1705306,150
1705326,1706843,1517
1706854,1707004,150
1707032,1707182,150
1707334,1707484,150
1707516,1708665,1149
1708700,1708850,150
1708887,1709037,150
1709058,1709583,525
1709782,1709932,150
1709948,1710399,451
1710436,1710586,150
1710836,1710986,150
1711032,1711182,150
1711197,1711347,150
1711357,1711653,296
1711731,1711881,150
1712066,1712216,150
1712257,1712553,296
1712586,1712736,150
1712757,1712907,150
1712948,1713098,150
1713124,1713274,150
1713291,1713441,150
1713473,1713623,150
1713653,1713803,150
1713822,1713972,150
1714013,1714716,703
1714772,1714922,150
1714925,1715075,150
1715098,1715248,150
1715272,1715563,291
1715571,1715721,150
1715734,1716056,322
1716082,1716232,150
1716252,1716402,150
1716441,1716741,300
1716783,1716933,150
1716949,1717099,150
1717132,1717282,150
1717340,1717608,268
1717636,1717786,150
1717806,1717956,150
1717982,1718132,150
1718139,1718424,285
1718466,1718616,150
1718636,1718786,150
1718852,1719002,150
1719012,1719162,150
1719183,1719333,150
1719359,1719509,150
1719532,1719682,150
1719696,1720694,998
1720712,1720862,150
1721198,1721348,150
1721378,1721865,487
1721869,1722019,150
1722043,1722193,150
1722235,1722385,150
1722414,1722564,150
1722630,1722780,150
1722805,1722955,150
1722997,1723147,150
1723195,1723345,150
1723392,1724026,634
1724051,1724201,150
1724253,1724729,476
1724777,1724927,150
1725002,1725152,150
1725195,1725658,463
1725719,1725869,150
1725881,1726031,150
1726051,1726889,838
1726966,1727116,150
1727305,1727455,150
1727506,1727656,150
1728035,1728185,150
1728195,1728345,150
1728545,1728695,150
1728718,1729010,292
1729139,1729289,150
1729306,1729456,150
1729477,1729627,150
1729645,1730128,483
1730269,1730419,150
1730589,1731350,761
1731397,1731547,150
1731556,1731706,150
1731893,1732043,150
1732077,1732227,150
1732235,1732385,150
1732429,1732579,150
1732605,1732755,150
1732771,1732921,150
1732957,1733107,150
1733455,1733605,150
1733625,1733775,150
1733815,1733965,150
1733986,1734308,322
1734325,1734475,150
1734546,1734696,150
1734769,1734919,150
1734992,1735142,150
1735193,1735343,150
1735376,1735526,150
1735720,1735870,150
1736032,1736182,150
1736218,1736368,150
1736397,1736547,150
1736562,1736712,150
1736725,1736875,150
1737013,1737163,150
1737241,1737391,150
1737394,1737544,150
1737636,1737786,150
1737792,1737942,150
1737962,1738112,150
1738152,1739374,1222
1739398,1739548,150
1739734,1739884,150
1740243,1740393,150
1740429,1740730,301
1740784,1740934,150
1740950,1741247,297
1741288,1741438,150
1741483,1741633,150
1741637,1741787,150
1741804,1741954,150
1741982,1742267,285
1742328,1742478,150
1742906,1743056,150
1743074,1743224,150
1743236,1743386,150
1743589,1743863,274
1743940,1744090,150
1744277,1744427,150
1744439,1744589,150
1744778,1744928,150
1745069,1745219,150
1745228,1745378,150
1745399,1745549,150
1745562,1745712,150
1745737,1746190,453
1746221,1746371,150
1746574,1747170,596
1747211,1747361,150
1747411,1747699,288
1747728,1747878,150
1747886,1748036,150
1748218,1748368,150
1748537,1748687,150
1748707,1748857,150
1748891,1749373,482
1749377,1749527,150
1749558,1749708,150
1749727,1749877,150
1749878,1750028,150
1750072,1750515,443
1750581,1750731,150
1751023,1751173,150
1751214,1751364,150
1751383,1751533,150
1751720,1751870,150
1751984,1752742,758
1752836,1752986,150
1753125,1753275,150
1753346,1753496,150
1753587,1753737,150
1753826,1753976,150
1753986,1754619,633
1754814,1754964,150
1755012,1755325,313
1755372,1755522,150
1755779,1756082,303
1756211,1756361,150
1756609,1757137,528
1757143,1757293,150
1757318,1757468,150
1757482,1757632,150
1757636,1757786,150
1757801,1757951,150
1757985,1758476,491
1758527,1758677,150
1758723,1758873,150
1758879,1759029,150
1759045,1759195,150
1759234,1759384,150
1759418,1759568,150
1759743,1759893,150
1759916,1760066,150
1760154,1760304,150
1760335,1760485,150
1760495,1760645,150
1760694,1760981,287
1761037,1761187,150
1761218,1762012,794
1762050,1762200,150
1762222,1762840,618
1762850,1763000,150
1763006,1763156,150
1763176,1763326,150
1763337,1763487,150
1763496,1763796,300
1763849,1763999,150
1764130,1764540,410
1764588,1764738,150
1764816,1764966,150
1765116,1765266,150
1765405,1766520,1115
1766566,1766716,150
1766741,1767009,268
1767030,1767180,150
1767388,1767538,150
1767562,1767861,299
1767881,1768031,150
1768052,1768202,150
1768272,1768422,150
1768462,1768612,150
1768642,1768792,150
1768826,1769122,296
1769145,1769295,150
1769337,1769630,293
1769666,1769816,150
1770001,1770151,150
1770159,1770309,150
1770316,1770466,150
1770495,1770645,150
1770866,1771156,290
1771182,1771332,150
1771542,1772876,1334
1772913,1773063,150
1773210,1773506,296
1774077,1774227,150
1774353,1774503,150
1774697,1774847,150
1774920,1775070,150
1775090,1775240,150
1775298,1775448,150
1775461,1775611,150
1775643,1775793,150
1775873,1776433,560
1776488,1776638,150
1776674,1776824,150
1776910,1778400,1490
1778571,1778721,150
1778923,1779073,150
1779091,1779675,584
1779679,1779829,150
1779852,1780002,150
1780115,1780265,150
1780419,1780569,150
1780613,1780763,150
1780810,1780960,150
1780972,1781122,150
1781365,1781515,150
1781647,1781797,150
1781802,1781952,150
1781964,1782114,150
1782261,1782411,150
1782448,1782750,302
1782758,1782908,150
1783083,1783233,150
1783456,1783606,150
1783640,1783790,150
1783901,1784188,287
1784509,1784659,150
1784693,1784843,150
1784864,1785014,150
1785029,1785179,150
1785191,1785341,150
1785497,1785647,150
1785691,1785841,150
1785887,1786037,150
1786076,1786403,327
1786416,1786566,150
1786577,1786727,150
1786748,1786898,150
1786910,1787060,150
1787546,1787696,150
1787728,1787878,150
1787902,1788052,150
1788074,1788224,150
1788241,1788391,150
1788400,1788550,150
1788573,1788723,150
1788736,1788886,150
1789161,1789311,150
1789357,1789507,150
1789543,1789693,150
1789710,1789860,150
1790045,1790310,265
1790351,1790501,150
1790546,1790991,445
1790993,1791143,150
1791164,1791314,150
1791333,1791483,150
1791496,1791646,150
1791907,1792057,150
1792078,1792228,150
1792268,1792418,150
1792449,1792714,265
1792758,1792908,150
1792933,1795184,2251
1795208,1795358,150
1795410,1796401,991
1796500,1796650,150
1796772,1796922,150
1796939,1797089,150
1797110,1797260,150
1797268,1797917,649
1797936,1798086,150
1798098,1798248,150
1798263,1798413,150
1798449,1798599,150
1798646,1798796,150
1798882,1799032,150
1799048,1799198,150
1799234,1799384,150
1799469,1799821,352
1800008,1800158,150
1800222,1800372,150
1800567,1800717,150
1800859,1801009,150
1801060,1802028,968
1802058,1802208,150
1802223,1802373,150
1802381,1802531,150
1802590,1802740,150
1803157,1803468,311
1803493,1803643,150
1803842,1803992,150
1804123,1804273,150
1804318,1804468,150
1804472,1804622,150
1804795,1804945,150
1804958,1805738,780
1805758,1805908,150
1805980,1806130,150
1806162,1806312,150
1806337,1806487,150
1806551,1806701,150
1806818,1806968,150
1807169,1807319,150
1807359,1807509,150
1807513,1807663,150
1807696,1807846,150
1807874,1808024,150
1808242,1808392,150
1808420,1808570,150
1808618,1808768,150
1808837,1808987,150
1809024,1809174,150
1809215,1809365,150
1809395,1809545,150
1809567,1809717,150
1809727,1809877,150
1809901,1810051,150
1810054,1810204,150
1810218,1810368,150
1810404,1810666,262
1810707,1810857,150
1810995,1811145,150
1811526,1811676,150
1811693,1812801,1108
1812815,1812965,150
1812996,1813146,150
1813167,1813317,150
1813333,1813483,150
1813521,1813671,150
1813704,1813854,150
1813976,1814126,150
1814162,1814312,150
1814333,1814483,150
1814488,1814638,150
1814663,1814813,150
1814819,1814969,150
1814987,1815284,297
1815329,1815479,150
1815512,1815662,150
1815680,1815830,150
1815843,1815993,150
1816377,1816527,150
1816578,1816892,314
1816903,1817053,150
1817069,1817219,150
1817239,1817389,150
1817420,1817570,150
1817592,1817742,150
1817764,1817914,150
1817946,1818096,150
1818227,1818377,150
1818421,1818571,150
1818587,1818737,150
1818787,1818937,150
1818954,1819104,150
1819134,1819284,150
1819334,1819484,150
1819502,1819652,150
1819693,1819843,150
1819903,1820053,150
1820088,1820238,150
1820253,1820403,150
1820466,1820764,298
1820806,1820956,150
1820990,1821777,787
1821822,1821972,150
1821985,1823264,1279
1823297,1823447,150
1823472,1823622,150
1823833,1823983,150
1824016,1824166,150
1824181,1824331,150
1824382,1824532,150
1824565,1824822,257
1824844,1824994,150
1825028,1825178,150
1825509,1825898,389
1826004,1826154,150
1826335,1826485,150
1826503,1826653,150
1826682,1826832,150
1826862,1827012,150
1827029,1827179,150
1827315,1827465,150
1827718,1827868,150
1827911,1828840,929
1828885,1829035,150
1829103,1829253,150
1829359,1829509,150
1829525,1830831,1306
1830861,1831011,150
1831155,1832335,1180
1832387,1832537,150
1832662,1832812,150
1832890,1833040,150
1833383,1833533,150
1833565,1833715,150
1833767,1833917,150
1834017,1834167,150
1834218,1834368,150
1834392,1834542,150
1834550,1834700,150
1834708,1835004,296
1835044,1835194,150
1835381,1836435,1054
1836439,1836589,150
1836784,1836934,150
1836940,1837090,150
1837121,1837271,150
1837293,1837443,150
1837469,1837619,150
1837627,1837777,150
1837794,1837944,150
1837946,1838096,150
1838257,1838407,150
1838432,1838582,150
1838606,1838756,150
1838764,1838914,150
1839184,1839334,150
1839553,1839703,150
1839721,1839871,150
1839890,1840040,150
1840060,1840882,822
1840967,1841117,150
1841304,1843909,2605
1843944,1844094,150
1844097,1844629,532
1844674,1844824,150
1844865,1845015,150
1845251,1845401,150
1845425,1845575,150
1845608,1845758,150
1845795,1845945,150
1845955,1846105,150
1846144,1846294,150
1846310,1846460,150
1846498,1846754,256
1846898,1847048,150
1847218,1847368,150
1847555,1847705,150
1847763,1847913,150
1847952,1848102,150
1848282,1848432,150
1848490,1849337,847
1849384,1849534,150
1849571,1849721,150
1849742,1849892,150
1849918,1850068,150
1850097,1850247,150
1850285,1850435,150
1850605,1850755,150
1850790,1850940,150
1851160,1851310,150
1851720,1851870,150
1851883,1852181,298
1852223,1852373,150
1852539,1852689,150
1852846,1852996,150
1853157,1853307,150
1853396,1853546,150
1853579,1853729,150
1853765,1853915,150
1853920,1854070,150
1854092,1854242,150
1854287,1854437,150
1854539,1854689,150
1854734,1855186,452
1855217,1855367,150
1855525,1855675,150
1855707,1855857,150
1855860,1856010,150
1856037,1856187,150
1856222,1856372,150
1856394,1856544,150
1856580,1856730,150
1856828,1856978,150
1856988,1857615,627
1857708,1857858,150
1858060,1858210,150
1858243,1858688,445
1858700,1858850,150
1858875,1859025,150
1859036,1859186,150
1859194,1859344,150
1859526,1859676,150
1859701,1862210,2509
1862449,1862599,150
1862701,1862851,150
1862995,1863145,150
1863353,1863503,150
1863637,1863787,150
1863842,1863992,150
1864023,1864173,150
1864193,1864343,150
1864378,1864528,150
1864554,1864704,150
1864740,1864890,150
1865129,1865279,150
1865378,1866467,1089
1866496,1866646,150
1866672,1866822,150
1866831,1866981,150
1867011,1867306,295
1867351,1867501,150
1867601,1867751,150
1867770,1867920,150
1868002,1868152,150
1868174,1868324,150
1868338,1868488,150
1868500,1868650,150
1868665,1868815,150
1869131,1869425,294
1869443,1869593,150
1869599,1869749,150
1869778,1869928,150
1869979,1870272,293
1870341,1870491,150
1870530,1870680,150
1870710,1870860,150
1870885,1871035,150
1871054,1871204,150
1871230,1871380,150
1871390,1871540,150
1871546,1871696,150
1871714,1872007,293
1872038,1872188,150
1872486,1872636,150
1872643,1872793,150
1874081,1874231,150
1874294,1874444,150
1874712,1875290,578
1875311,1875461,150
1875476,1875958,482
1875988,1876138,150
1876228,1876378,150
1876403,1876553,150
1876569,1876719,150
1876742,1876892,150
1876926,1877076,150
1877083,1877233,150
1877240,1877527,287
1877680,1877830,150
1877983,1878133,150
1878299,1878449,150
1878669,1878819,150
1878981,1879131,150
1879204,1880269,1065
1880293,1880443,150
1880631,1880781,150
1880782,1880932,150
1880950,1881100,150
1881139,1881289,150
1881379,1881529,150
1881582,1881732,150
1881779,1882067,288
1882240,1882390,150
1882536,1882686,150
1882811,1882961,150
1883074,1883224,150
1883421,1883571,150
1883613,1883763,150
1883890,1884470,580
1884621,1884771,150
1884928,1885078,150
1885179,1885329,150
1885377,1885527,150
1885687,1885837,150
1885863,1886435,572
1886469,1886619,150
1886793,1886943,150
1887102,1887803,701
1887939,1888089,150
1888237,1888529,292
1888558,1888708,150
1888759,1889067,308
1889088,1889238,150
1889267,1889417,150
1889427,1889839,412
1889874,1890024,150
1890043,1890193,150
1890444,1890594,150
1890638,1890788,150
1890999,1891149,150
1891176,1891326,150
1891339,1893029,1690
1893156,1893306,150
1893322,1893472,150
1893497,1893647,150
1893664,1893814,150
1893918,1894068,150
1894085,1894235,150
1894313,1895510,1197
1895721,1895871,150
1895997,1896147,150
1896252,1896402,150
1896525,1897451,926
1897461,1897611,150
1897663,1897813,150
1897971,1898121,150
1898356,1898506,150
1898542,1898692,150
1898750,1898900,150
1898962,1899862,900
1900189,1900339,150
1900404,1901209,805
1901217,1901367,150
1901540,1901690,150
1901725,1903016,1291
1903176,1903326,150
1903349,1903499,150
1903525,1903675,150
1903702,1903852,150
1903859,1904009,150
1904032,1904182,150
1904393,1904680,287
1904802,1904952,150
1904956,1905106,150
1905163,1905313,150
1905333,1905483,150
1905505,1905655,150
1905660,1905810,150
1905825,1905975,150
1905978,1906128,150
1906141,1906291,150
1906312,1906462,150
1906498,1906791,293
1906797,1906947,150
1906970,1907270,300
1907315,1907465,150
1907481,1907631,150
1907659,1907809,150
1907831,1907981,150
1907999,1908149,150
1908172,1908322,150
1908347,1908497,150
1908534,1908684,150
1908867,1909558,691
1909596,1909746,150
1910448,1910598,150
1910686,1912333,1647
1912423,1912573,150
1912681,1914201,1520
1914246,1914396,150
1914427,1914577,150
1914584,1914734,150
1914763,1914913,150
1914949,1915099,150
1915131,1915281,150
1915460,1915834,374
1916102,1916252,150
1916287,1916914,627
1916936,1917086,150
1917101,1917251,150
1917266,1917416,150
1917532,1917682,150
1917777,1917927,150
1917939,1918089,150
1918102,1918252,150
1918269,1918419,150
1918454,1918604,150
1918628,1918778,150
1919028,1919178,150
1919227,1919377,150
1919446,1919596,150
1920083,1920233,150
1920266,1920561,295
1920582,1920732,150
1920760,1920910,150
1920948,1921399,451
1921407,1921557,150
1921691,1921841,150
1922074,1922224,150
1922247,1922397,150
1922450,1922882,432
1922889,1923039,150
1923062,1923212,150
1923216,1923366,150
1923430,1924003,573
1924033,1924183,150
1924189,1924339,150
1924353,1924503,150
1924530,1924680,150
1924693,1924843,150
1924851,1925001,150
1925002,1925152,150
1925194,1925472,278
1925599,1925749,150
1925881,1926031,150
1926089,1926239,150
1926733,1926883,150
1927128,1927278,150
1927548,1927698,150
1927741,1927891,150
1927989,1929205,1216
1929398,1929548,150
1929564,1931113,1549
1931135,1931285,150
1931302,1931452,150
1931479,1931629,150
1931657,1931807,150
1931824,1931974,150
1932117,1932267,150
1932301,1932451,150
1932498,1932648,150
1932679,1932829,150
1932973,1933123,150
1933325,1933475,150
1933666,1933816,150
1933828,1933978,150
1933995,1934145,150
1934172,1934468,296
1934490,1934640,150
1934826,1934976,150
1934998,1935148,150
1935174,1935324,150
1935343,1936113,770
1936148,1936298,150
1936405,1936555,150
1936662,1936812,150
1936972,1937122,150
1937155,1937807,652
1937867,1938017,150
1938028,1938178,150
1938196,1938346,150
1938362,1938512,150
1938517,1939140,623
1939209,1939359,150
1939584,1939734,150
1939751,1939901,150
1939977,1940127,150
1940145,1940295,150
1940309,1940459,150
1940494,1941082,588
1941375,1941525,150
1941745,1941895,150
1941931,1942081,150
1942091,1942386,295
1942397,1942547,150
1942559,1942709,150
1942734,1942884,150
1942898,1943048,150
1943068,1943218,150
1943358,1943508,150
1943541,1943691,150
1943718,1943868,150
1943877,1944027,150
1944045,1944195,150
1944248,1944398,150
1944475,1945584,1109
1945720,1945870,150
1946030,1946180,150
1946222,1946372,150
1946383,1947345,962
1947380,1947530,150
1947565,1947894,329
1948102,1948252,150
1948387,1948537,150
1948570,1948720,150
1948922,1949072,150
1949085,1949540,455
1949699,1949849,150
1949909,1950059,150
1950129,1950428,299
1950472,1950622,150
1950821,1950971,150
1951006,1951156,150
1951351,1951644,293
1951684,1951834,150
1951856,1952006,150
1952016,1952166,150
1952320,1952627,307
1952668,1952818,150
1952830,1952980,150
1952996,1953146,150
1953160,1953310,150
1953351,1953778,427
1953959,1954109,150
1954141,1954407,266
1954412,1954562,150
1954582,1954732,150
1954750,1954900,150
1954922,1955072,150
1955097,1955247,150
1955261,1955411,150
1955433,1955583,150
1955958,1956108,150
1956172,1956322,150
1956346,1956496,150
1956501,1956974,473
1957010,1957160,150
1957179,1957473,294
1957503,1957653,150
1957656,1957806,150
1957819,1957969,150
1958001,1959493,1492
1959501,1959651,150
1959666,1959816,150
1960002,1960152,150
1960173,1961338,1165
1961351,1961501,150
1961520,1961806,286
1961927,1962077,150
1962108,1962258,150
1962274,1962424,150
1962441,1962591,150
1962624,1962774,150
1962787,1962937,150
1962970,1963120,150
1963139,1963289,150
1963710,1963860,150
1963892,1964042,150
1964079,1964229,150
1964251,1964702,451
1964853,1965003,150
1965107,1965257,150
1965291,1965441,150
1965445,1965595,150
1965611,1965761,150
1965788,1965938,150
1965989,1966139,150
1966170,1966320,150
1966417,1966712,295
1966727,1966877,150
1966898,1968153,1255
1968168,1968318,150
1968344,1968494,150
1968511,1968661,150
1968694,1968844,150
1968995,1969145,150
1969174,1970114,940
1970140,1970290,150
1970325,1970475,150
1970499,1970649,150
1970676,1970826,150
1970948,1971098,150
1971209,1971359,150
1971376,1972590,1214
1972597,1972747,150
1972772,1972922,150
1972960,1973110,150
1973124,1973274,150
1973295,1973445,150
1973464,1973614,150
1973640,1973790,150
1973808,1973958,150
1973971,1974538,567
1974730,1974880,150
1975226,1975376,150
1975583,1975733,150
1975902,1976052,150
1976064,1976214,150
1976238,1976388,150
1976395,1976545,150
1976564,1977035,471
1977070,1977220,150
1977221,1980696,3475
1980855,1981005,150
1981052,1981202,150
1981238,1981388,150
1981534,1981684,150
1981872,1982022,150
1982066,1983248,1182
1983405,1983555,150
1983608,1983758,150
1983924,1984074,150
1984122,1984728,606
1984758,1984908,150
1984941,1985091,150
1985108,1985258,150
1985305,1986464,1159
1986489,1986639,150
1986759,1986909,150
1987133,1987433,300
1987606,1987756,150
1987825,1989743,1918
1989951,1990101,150
1990129,1990392,263
1990424,1990574,150
1990604,1990754,150
1990821,1990971,150
1991146,1991296,150
1991317,1992916,1599
1993055,1993205,150
1993293,1993593,300
1993628,1993778,150
1993784,1994103,319
1994128,1994278,150
1994452,1994602,150
1994638,1995241,603
1995317,1995467,150
1995474,1995624,150
1995626,1995776,150
1995798,1995948,150
1996472,1996829,357
1997018,1997168,150
1997244,1997581,337
1997706,1997856,150
1997894,1998044,150
1998100,1998250,150
1998360,1998510,150
1998528,1998678,150
1998736,2000767,2031
2000819,2000969,150
2001229,2001379,150
2001558,2001708,150
2001838,2001988,150
2002014,2002164,150
2002239,2004475,2236
2004541,2004691,150
2005023,2005854,831
2005936,2006086,150
2006097,2006247,150
2006321,2006471,150
2006553,2006703,150
2006731,2007161,430
2007230,2007380,150
2007456,2007764,308
2007790,2007940,150
2007964,2008114,150
2008143,2008293,150
2008430,2008580,150
2008586,2008736,150
2008764,2008914,150
2008947,2009097,150
2009211,2009520,309
2009531,2009681,150
2009745,2009895,150
2009940,2010090,150
2010114,2010264,150
2010273,2010423,150
2010455,2010605,150
2010616,2010766,150
2010781,2010931,150
2010971,2011121,150
2011141,2011431,290
2011485,2011635,150
2011664,2011978,314
2012182,2012332,150
2012349,2012499,150
2012544,2012840,296
2012845,2012995,150
2013029,2013179,150
2013208,2013358,150
2013405,2013555,150
2013606,2013756,150
2013991,2014141,150
2014152,2014784,632
2014806,2014956,150
2014974,2015124,150
2015146,2015296,150
2015314,2015464,150
2015497,2015647,150
2015786,2015936,150
2015973,2016123,150
2016179,2016329,150
2016381,2017172,791
2017353,2017503,150
2017686,2019017,1331
2019191,2019341,150
2019368,2021988,2620
2021995,2022145,150
2022180,2022330,150
2022383,2022986,603
2023188,2023338,150
2023382,2024896,1514
2024933,2025083,150
2025129,2025279,150
2025483,2025633,150
2025661,2025811,150
2025835,2025985,150
2025996,2028833,2837
2028853,2029003,150
2029027,2029177,150
2029189,2029339,150
2029347,2029497,150
2029527,2030674,1147
2030691,2030841,150
2030881,2031031,150
2031039,2031189,150
2031216,2031366,150
2031399,2031549,150
2031681,2031831,150
2031992,2032142,150
2032374,2032524,150
2032545,2033141,596
2033160,2033310,150
2033334,2033484,150
2033516,2033666,150
2033747,2033897,150
2033941,2034091,150
2034111,2034261,150
2034398,2034548,150
2034605,2035078,473
2035273,2035423,150
2035647,2037328,1681
2037505,2037655,150
2037670,2037820,150
2037834,2037984,150
2038039,2038189,150
2038233,2038383,150
2038542,2038692,150
2038975,2039125,150
2039136,2039873,737
2039915,2040065,150
2040285,2040976,691
2041168,2041318,150
2041376,2041691,315
2041773,2041923,150
2042155,2042874,719
2042918,2043068,150
2043146,2043443,297
2043484,2043634,150
2043660,2043810,150
2043835,2043985,150
2044079,2044361,282
2044414,2044564,150
2044629,2044779,150
2044978,2045436,458
2045488,2045638,150
2045682,2045832,150
2045862,2046012,150
2046176,2046326,150
2046368,2046518,150
2046528,2048251,1723
2048264,2048414,150
2048428,2049321,893
2049326,2049476,150
2049515,2049850,335
2049881,2050031,150
2050076,2050226,150
2050310,2050460,150
2050604,2050754,150
2050826,2050976,150
2051023,2051173,150
2051203,2051353,150
2051483,2051633,150
2051725,2052395,670
2052460,2052610,150
2052624,2052774,150
2052822,2052972,150
2053015,2053528,513
2053562,2053712,150
2053736,2053886,150
2053908,2054600,692
2054609,2054759,150
2055112,2055262,150
2055301,2055599,298
2055625,2055775,150
2055796,2055946,150
2055965,2056115,150
2056147,2056297,150
2056331,2056481,150
2056498,2056648,150
2056659,2056809,150
2056841,2056991,150
2057007,2057157,150
2057191,2057341,150
2057359,2057509,150
2057546,2057696,150
2057726,2057876,150
2057883,2058033,150
2058040,2058190,150
2058238,2058388,150
2058394,2058544,150
2058564,2058714,150
2058765,2058915,150
2058938,2059088,150
2059111,2059261,150
2059286,2059559,273
2059602,2059752,150
2059784,2059934,150
2059972,2060122,150
2060325,2060475,150
2060503,2060653,150
2060665,2060815,150
2060835,2061134,299
2061163,2061313,150
2061338,2061488,150
2061512,2061662,150
2061677,2061827,150
2061841,2061991,150
2062194,2062344,150
2062362,2062512,150
2062525,2062675,150
2062738,2063199,461
2063224,2063374,150
2063397,2063547,150
2063553,2063703,150
2063721,2063871,150
2063892,2064042,150
2064130,2064280,150
2064328,2064478,150
2064502,2064652,150
2064662,2064812,150
2064822,2064972,150
2065008,2065158,150
2065236,2065709,473
2065972,2066122,150
2066273,2066423,150
2066474,2066624,150
2066638,2066788,150
2066798,2067095,297
2067108,2067258,150
2067277,2067427,150
2067447,2067597,150
2067700,2067850,150
2067976,2068597,621
2068618,2068768,150
2068791,2070447,1656
2070482,2070632,150
2070653,2070803,150
2070833,2072864,2031
2073240,2073390,150
2073413,2074175,762
2074323,2074473,150
2074510,2074660,150
2074665,2074815,150
2074821,2074971,150
2074994,2075296,302
2075325,2075475,150
2075487,2075637,150
2075664,2075814,150
2075837,2075987,150
2075993,2076143,150
2076175,2076325,150
2076353,2076503,150
2076590,2076740,150
2076768,2076918,150
2076924,2077074,150
2077096,2077246,150
2077263,2078505,1242
2078526,2078676,150
2078880,2079030,150
2079097,2079247,150
2079320,2079470,150
2079496,2079646,150
2079650,2079800,150
2079827,2079977,150
2079998,2080285,287
2080316,2080466,150
2080500,2080650,150
2080656,2080806,150
2080833,2080983,150
2081022,2081172,150
2081219,2081369,150
2081383,2081533,150
2081745,2081895,150
2081916,2082066,150
2082087,2082237,150
2082240,2082390,150
2082414,2082564,150
2082594,2082744,150
2082781,2082931,150
2082953,2083103,150
2083127,2083277,150
2083325,2083475,150
2083492,2083642,150
2083653,2083803,150
2083825,2083975,150
2084042,2084192,150
2084199,2084349,150
2084371,2084521,150
2084581,2084731,150
2084747,2086386,1639
2086412,2086562,150
2086579,2087859,1280
2087887,2088037,150
2088176,2089165,989
2089445,2089595,150
2089813,2090673,860
2090711,2090861,150
2090887,2091037,150
2091254,2091404,150
2091556,2091706,150
2091959,2092109,150
2092151,2092301,150
2092425,2092575,150
2092739,2092889,150
2093075,2093225,150
2093303,2093565,262
2093584,2093734,150
2093900,2095019,1119
2095198,2095348,150
2095535,2096685,1150
2096794,2096944,150
2097307,2097457,150
2097478,2097628,150
2097664,2098437,773
2098446,2098596,150
2098604,2098925,321
2098941,2099091,150
2099101,2099251,150
2099263,2099413,150
2099437,2099587,150
2099612,2099762,150
2099774,2099924,150
2099950,2100652,702
2100985,2101135,150
2101175,2101325,150
2101367,2101808,441
2101850,2102000,150
2102031,2102331,300
2102350,2102500,150
2102534,2102684,150
2102716,2102866,150
2102895,2103045,150
2103064,2103214,150
2103239,2103389,150
2103408,2103558,150
2103616,2103939,323
2103984,2104134,150
2104162,2104312,150
2104341,2104491,150
2104511,2104661,150
2104745,2104895,150
2104932,2105082,150
2105109,2105371,262
2105387,2105537,150
2105826,2108144,2318
2108151,2108301,150
2108335,2108485,150
2108520,2108670,150
2108730,2108880,150
2108882,2109996,1114
2110031,2110181,150
2110196,2110346,150
2110355,2110588,233
2110664,2110814,150
2110858,2111008,150
2111133,2111283,150
2111319,2111469,150
2111548,2111698,150
2111733,2111883,150
2112007,2112157,150
2112162,2112312,150
2112327,2112477,150
2112638,2112788,150
2112811,2113330,519
2113356,2113506,150
2113646,2113796,150
2113827,2114110,283
2114172,2114322,150
2114433,2114718,285
2114759,2114909,150
2114942,2115092,150
2115148,2115298,150
2115374,2115524,150
2115569,2115871,302
2116154,2116304,150
2116321,2116471,150
2116487,2116637,150
2116640,2116790,150
2116794,2116944,150
2117194,2117344,150
2117427,2117577,150
2117611,2118904,1293
2119217,2119367,150
2119460,2119610,150
2119727,2122945,3218
2122968,2123118,150
2123161,2123959,798
2124333,2124483,150
2124526,2124676,150
2124697,2124982,285
2124998,2125148,150
2125165,2125315,150
2125337,2125487,150
2125520,2125670,150
2125688,2125838,150
2126006,2126284,278
2126316,2126466,150
2126629,2126779,150
2126827,2127590,763
2127628,2127778,150
2127909,2128767,858
2128793,2128943,150
2128967,2129117,150
2129149,2129773,624
2129814,2129964,150
2130222,2130550,328
2130551,2130701,150
2130717,2130867,150
2130890,2131040,150
2131090,2131240,150
2131293,2131443,150
2131490,2131987,497
2132326,2132476,150
2132510,2133232,722
2133266,2133416,150
2133418,2133568,150
2133605,2133755,150
2133828,2133978,150
2134056,2134206,150
2134251,2135297,1046
2135353,2135503,150
2135546,2135696,150
2135808,2135958,150
2135992,2136142,150
2136155,2136305,150
2136495,2136645,150
2136673,2136823,150
2136841,2136991,150
2137042,2138426,1384
2138463,2138613,150
2138809,2138959,150
2139048,2139198,150
2139298,2139448,150
2139516,2139666,150
2139797,2140294,497
2140378,2140528,150
2140745,2140895,150
2140900,2142212,1312
2142222,2142372,150
2142400,2142550,150
2142570,2142720,150
2142770,2143252,482
2143288,2143438,150
2143560,2143710,150
2143782,2143932,150
2144043,2144837,794
2144848,2144998,150
2145076,2145574,498
2145656,2145806,150
2145821,2145971,150
2145999,2146149,150
2146357,2146507,150
2146713,2146863,150
2147006,2147156,150
2147322,2147472,150
2147494,2148776,1282
2148954,2149104,150
2149183,2149333,150
2149362,2149512,150
2149542,2149692,150
2149829,2149979,150
2150115,2150265,150
2150296,2150446,150
2150563,2151727,1164
2151754,2151904,150
2152029,2152179,150
2152287,2152437,150
2152595,2153544,949
2153582,2153732,150
2153778,2153928,150
2153948,2154098,150
2154115,2154265,150
2154324,2154805,481
2154950,2155100,150
2155119,2155646,527
2155685,2155835,150
2155869,2156019,150
2156033,2156183,150
2156191,2156341,150
2156372,2156522,150
2156524,2157005,481
2157018,2157168,150
2157176,2157326,150
2157363,2157513,150
2157533,2159225,1692
2159240,2159390,150
2159419,2159569,150
2159744,2159894,150
2159925,2160075,150
2160105,2160255,150
2160282,2160432,150
2160444,2160594,150
2160605,2160755,150
2160821,2161431,610
2161438,2161588,150
2161591,2161741,150
2161944,2162094,150
2162107,2162257,150
2162290,2162440,150
2162539,2162689,150
2162702,2162852,150
2162888,2163038,150
2163196,2163346,150
2163356,2163506,150
2163685,2163835,150
2163866,2164317,451
2164329,2164479,150
2164485,2164635,150
2164657,2164807,150
2164824,2164974,150
2165013,2165163,150
2165279,2165429,150
2165441,2165591,150
2165616,2165766,150
2165792,2165942,150
2166148,2166298,150
2166333,2166483,150
2166507,2166657,150
2166803,2166953,150
2167003,2167298,295
2167321,2167471,150
2167508,2167658,150
2167815,2167965,150
2168034,2168184,150
2168327,2168971,644
2169260,2169410,150
2169493,2169643,150
2169674,2169824,150
2169949,2170099,150
2170122,2170272,150
2170299,2170449,150
2170481,2170763,282
2170825,2170975,150
2171000,2171150,150
2171410,2171560,150
2171636,2171786,150
2171827,2171977,150
2171988,2172138,150
2172157,2172307,150
2172492,2172642,150
2172719,2173856,1137
2173872,2174022,150
2174032,2174346,314
2174355,2174505,150
2174542,2174692,150
2174740,2174890,150
2174948,2175098,150
2175194,2175344,150
2175381,2175840,459
2175891,2176041,150
2176058,2176208,150
2176220,2176370,150
2176404,2176554,150
2176564,2176714,150
2176718,2177013,295
2177233,2177383,150
2177573,2177723,150
2177749,2177899,150
2178140,2178290,150
2178366,2178516,150
2178730,2178880,150
2178887,2179037,150
2179062,2179212,150
2179230,2179538,308
2179595,2179745,150
2179756,2179906,150
2180056,2180206,150
2180224,2180803,579
2180832,2180982,150
2181327,2181477,150
2181670,2183696,2026
2183737,2183887,150
2184093,2184243,150
2184283,2184433,150
2184557,2185025,468
2185030,2185180,150
2185201,2185351,150
2185391,2185541,150
2185575,2185725,150
2186020,2186170,150
2186386,2186695,309
2186899,2187049,150
2187107,2187257,150
2187423,2187573,150
2187601,2187751,150
2187810,2187960,150
2187963,2188113,150
2188175,2188325,150
2188429,2188579,150
2188589,2188739,150
2188766,2188916,150
2188938,2189088,150
2189242,2189392,150
2189401,2189551,150
2189568,2191249,1681
2191279,2191429,150
2191436,2191968,532
2192009,2192159,150
2192199,2192349,150
2192420,2192570,150
2192707,2193436,729
2193482,2193632,150
2193658,2193808,150
2193830,2194904,1074
2194922,2195072,150
2195099,2195249,150
2195285,2195575,290
2195651,2195801,150
2195990,2196140,150
2196236,2196386,150
2196402,2196552,150
2196606,2196922,316
2197051,2197201,150
2197230,2197380,150
2197384,2197534,150
2197671,2197821,150
2197857,2198007,150
2198056,2198206,150
2198448,2198891,443
2198932,2199082,150
2199237,2199387,150
2199735,2199885,150
2199891,2200041,150
2200183,2200333,150
2200387,2200673,286
2200702,2200852,150
2200895,2201045,150
2201149,2201299,150
2201344,2201494,150
2201553,2202325,772
2202340,2202490,150
2202531,2202681,150
2202806,2202956,150
2202993,2203143,150
2203306,2203456,150
2204044,2204194,150
2204369,2204519,150
2204553,2204703,150
2204733,2204883,150
2204892,2205042,150
2205188,2205338,150
2205547,2205697,150
2205836,2205986,150
2206007,2206157,150
2206186,2206336,150
2206471,2206621,150
2206678,2206828,150
2206856,2207006,150
2207324,2207474,150
2207585,2207735,150
2207825,2207975,150
2208107,2208257,150
2208275,2208425,150
2208567,2208717,150
2208917,2209067,150
2209520,2209670,150
2210030,2210180,150
2210325,2210475,150
2210629,2210779,150
2210856,2211006,150
2212942,2213092,150
2264654,2264804,150
2268562,2268712,150
2269315,2269465,150
2269485,2269635,150
2269741,2269891,150
2269901,2270689,788
2270771,2270921,150
2270990,2271280,290
2271328,2271478,150
2271542,2271692,150
2271900,2272050,150
2272078,2272750,672
2272794,2272944,150
2273388,2273538,150
2273578,2273728,150
2273905,2274698,793
2274714,2274864,150
2275134,2275284,150
2275364,2275514,150
2275543,2275693,150
2275699,2275849,150
2275934,2276084,150
2276121,2276271,150
2276463,2276927,464
2276959,2277109,150
2277133,2277283,150
2277417,2277567,150
2277590,2277740,150
2277778,2277928,150
2277952,2278102,150
2278143,2279494,1351
2279687,2279837,150
2279929,2280079,150
2280178,2280328,150
2280386,2280536,150
2280557,2280707,150
2280731,2280881,150
2280888,2281038,150
2281060,2281210,150
2281230,2281693,463
2281890,2282040,150
2282208,2282655,447
2282945,2283095,150
2283308,2283458,150
2283595,2283745,150
2283920,2284215,295
2284223,2284373,150
2284385,2284535,150
2284578,2284728,150
2284829,2284979,150
2285053,2285203,150
2285230,2285515,285
2285549,2285699,150
2285751,2286868,1117
2287009,2287159,150
2287199,2288340,1141
2288375,2288525,150
2288697,2288847,150
2288884,2289034,150
2289135,2289285,150
2289346,2289496,150
2289521,2289671,150
2289702,2289852,150
2290150,2290498,348
2290834,2290984,150
2291111,2291261,150
2291537,2291687,150
2291811,2292588,777
2292605,2292755,150
2292768,2292918,150
2292964,2293114,150
2293268,2293418,150
2293610,2293760,150
2293839,2294106,267
2294214,2294364,150
2294418,2294568,150
2294600,2294750,150
2294760,2294910,150
2295054,2295204,150
2295551,2295701,150
2295714,2296029,315
2296036,2296186,150
2296202,2296352,150
2296386,2296536,150
2296621,2296771,150
2296791,2296941,150
2296977,2297127,150
2297297,2297447,150
2297472,2297622,150
2297792,2297942,150
2298114,2298264,150
2298284,2298434,150
2298452,2300460,2008
2300502,2300652,150
2300689,2300977,288
2301019,2301169,150
2301188,2301338,150
2301424,2301901,477
2301918,2302068,150
2302097,2302247,150
2302432,2302582,150
2302593,2302743,150
2302876,2303026,150
2303063,2303353,290
2303371,2303521,150
2303543,2304042,499
2304135,2304285,150
2304301,2304451,150
2304475,2304625,150
2304840,2304990,150
2305046,2305196,150
2305230,2305380,150
2305399,2305549,150
2305583,2305733,150
2305753,2305903,150
2305926,2306076,150
2306106,2306256,150
2306613,2306763,150
2306934,2307773,839
2307796,2307946,150
2307973,2308123,150
2308135,2308285,150
2308298,2308448,150
2308849,2308999,150
2309167,2309317,150
2309429,2309579,150
2309647,2309797,150
2309898,2310271,373
2310501,2310651,150
2310748,2310898,150
2310949,2311099,150
2311196,2311346,150
2311426,2311576,150
2311744,2313009,1265
2313073,2313223,150
2313416,2313566,150
2313602,2313752,150
2314283,2314433,150
2314664,2314814,150
2314835,2314985,150
2315163,2315462,299
2315503,2315653,150
2315837,2315987,150
2316004,2316154,150
2316168,2316318,150
2316340,2316490,150
2316528,2316678,150
2316714,2317113,399
2317118,2317268,150
2317295,2317445,150
2317467,2317617,150
2317647,2317797,150
2317818,2317968,150
2317972,2318122,150
2318170,2318320,150
2318494,2318644,150
2318819,2318969,150
2319043,2319711,668
2319862,2320012,150
2320047,2320197,150
2320223,2320373,150
2320537,2321294,757
2321345,2321495,150
2321504,2321654,150
2321687,2321837,150
2321950,2322100,150
2322444,2323406,962
2323444,2323594,150
2323683,2323833,150
2324111,2324261,150
2324288,2324924,636
2325042,2325192,150
2325216,2325580,364
2325709,2325859,150
2325959,2326109,150
2326166,2326426,260
2326575,2326725,150
2326758,2327506,748
2327761,2327911,150
2328055,2328205,150
2328236,2328386,150
2328596,2328746,150
2328906,2329056,150
2329240,2329390,150
2329426,2329576,150
2329593,2330264,671
2330271,2330421,150
2330472,2330622,150
2330706,2330856,150
2330929,2331079,150
2331239,2331585,346
2331738,2331888,150
2331935,2332085,150
2332092,2332242,150
2332258,2332408,150
2332430,2332580,150
2332603,2332753,150
2332777,2332927,150
2332963,2333113,150
2333157,2333445,288
2333476,2333626,150
2333649,2333799,150
2333867,2334163,296
2334315,2334465,150
2334678,2334828,150
2334847,2336215,1368
2336344,2336494,150
2336552,2336702,150
2336723,2336873,150
2336961,2337111,150
2337123,2337273,150
2337311,2337461,150
2337494,2337790,296
2337800,2337950,150
2338009,2338270,261
2338417,2338567,150
2338592,2339528,936
2339908,2340058,150
2340080,2340347,267
2340381,2340531,150
2340560,2340869,309
2340944,2341094,150
2341123,2341422,299
2341463,2341613,150
2341626,2341776,150
2342209,2342359,150
2342611,2343638,1027
2343690,2343840,150
2343941,2344091,150
2344159,2344428,269
2344453,2344603,150
2344683,2344833,150
2344887,2345037,150
2345073,2345359,286
2345383,2345533,150
2345557,2345707,150
2345728,2345878,150
2345893,2346191,298
2346218,2346368,150
2346400,2346694,294
2346724,2346874,150
2346890,2347040,150
2347180,2347330,150
2347351,2347501,150
2347520,2347670,150
2347698,2348757,1059
2348832,2348982,150
2349205,2349355,150
2349382,2349532,150
2349549,2349850,301
2349856,2350006,150
2350067,2350217,150
2350296,2350446,150
2350499,2350649,150
2350683,2350833,150
2351018,2351331,313
2351349,2351499,150
2351544,2351694,150
2351746,2351896,150
2352065,2352215,150
2352222,2352372,150
2352559,2352709,150
2352732,2352882,150
2353078,2353228,150
2353247,2353397,150
2353410,2353560,150
2353798,2354337,539
2354340,2354490,150
2354507,2354657,150
2354659,2354809,150
2354834,2354984,150
2355016,2355166,150
2355319,2355469,150
2355494,2355644,150
2355655,2355805,150
2355821,2356117,296
2356119,2356269,150
2356282,2356432,150
2356489,2356639,150
2356755,2356905,150
2356915,2357065,150
2357094,2357244,150
2357274,2358808,1534
2358823,2358973,150
2358998,2359436,438
2359515,2359665,150
2360043,2360193,150
2360293,2360443,150
2360646,2361635,989
2361643,2361793,150
2361804,2361954,150
2361966,2362116,150
2362125,2362275,150
2362293,2362443,150
2362467,2362617,150
2362689,2362839,150
2362864,2363014,150
2363044,2363194,150
2363218,2364918,1700
2365053,2365203,150
2365245,2366504,1259
2366624,2366774,150
2366970,2367892,922
2367898,2368048,150
2368063,2368213,150
2368219,2368369,150
2368382,2368680,298
2368697,2368847,150
2368868,2369018,150
2369161,2369311,150
2369344,2369658,314
2369673,2369823,150
2370178,2370328,150
2370360,2370510,150
2370603,2370753,150
2370895,2371045,150
2371075,2371225,150
2371239,2371389,150
2371412,2371562,150
2371740,2371890,150
2371974,2372124,150
2372205,2372355,150
2372431,2372581,150
2372636,2372786,150
2372799,2373116,317
2373187,2373337,150
2373355,2373505,150
2373528,2373678,150
2373693,2373843,150
2373878,2374028,150
2374191,2374341,150
2374360,2374510,150
2374537,2374687,150
2374688,2374838,150
2374856,2375006,150
2375009,2375159,150
2375174,2375324,150
2375342,2375492,150
2375499,2375649,150
2375680,2375830,150
2375841,2375991,150
2376009,2376159,150
2376186,2376336,150
2376675,2377467,792
2377475,2377625,150
2377646,2377796,150
2377816,2379378,1562
2379412,2379562,150
2379590,2379740,150
2379877,2380027,150
2380083,2380233,150
2380282,2380955,673
2381002,2381152,150
2381302,2381452,150
2381493,2381643,150
2381656,2381806,150
2381859,2382473,614
2382516,2382666,150
2382727,2384190,1463
2385225,2385375,150
2385700,2385850,150
2385977,2386127,150
2386151,2386301,150
2386314,2386464,150
2386470,2386620,150
2386656,2386806,150
2386833,2386983,150
2387012,2387162,150
2387270,2387420,150
2387453,2387603,150
2387614,2387764,150
2387771,2387921,150
2387966,2388264,298
2388438,2388588,150
2388628,2388778,150
2388798,2388948,150
2388984,2389134,150
2389159,2389309,150
2389354,2389504,150
2389525,2389675,150
2389707,2389857,150
2389877,2390027,150
2390060,2390210,150
2390223,2390373,150
2390386,2390536,150
2390551,2390833,282
2390867,2391017,150
2391233,2392085,852
2392117,2392267,150
2392286,2392549,263
2392618,2392768,150
2392932,2393082,150
2393283,2393433,150
2393456,2394211,755
2394222,2394372,150
2394386,2395164,778
2395183,2395333,150
2395354,2395504,150
2395518,2395668,150
2395709,2395859,150
2395876,2396026,150
2396049,2396199,150
2396303,2396453,150
2396496,2396646,150
2396672,2397143,471
2397173,2397323,150
2397546,2397696,150
2397960,2399736,1776
2399881,2400031,150
2400146,2400296,150
2400665,2401316,651
2401326,2401476,150
2401503,2401801,298
2401817,2401967,150
2402028,2402178,150
2402360,2402682,322
2402844,2402994,150
2403110,2403921,811
2403933,2404083,150
2404101,2404251,150
2404260,2404410,150
2404427,2404577,150
2404598,2404748,150
2404754,2404904,150
2405084,2405234,150
2405256,2405583,327
2405584,2405734,150
2405749,2406249,500
2406305,2406455,150
2406655,2406805,150
2406848,2406998,150
2407259,2407409,150
2407487,2407637,150
2407701,2408012,311
2408140,2408290,150
2408390,2408540,150
2408577,2409846,1269
2409917,2410067,150
2410089,2410239,150
2410449,2410599,150
2410788,2411372,584
2411480,2411630,150
2411663,2411813,150
2411855,2412005,150
2412709,2412859,150
2413020,2413170,150
2413350,2413500,150
2413519,2414001,482
2414173,2414323,150
2414345,2414631,286
2414669,2414819,150
2414854,2415004,150
2415028,2415178,150
2415288,2415438,150
2415530,2415680,150
2415709,2415859,150
2415883,2416033,150
2416057,2416207,150
2416213,2416363,150
2416377,2416527,150
2416557,2416707,150
2416710,2417836,1126
2417837,2417987,150
2417997,2418147,150
2418169,2418319,150
2418473,2418623,150
2418783,2418933,150
2419001,2419151,150
2419319,2419469,150
2419653,2420316,663
2420340,2420490,150
2420522,2420672,150
2420725,2420875,150
2421105,2421255,150
2421431,2421581,150
2421990,2422484,494
2422560,2422710,150
2422735,2422885,150
2422893,2423576,683
2423954,2424104,150
2424130,2424280,150
2424310,2424460,150
2424468,2424618,150
2424896,2425046,150
2425067,2425217,150
2425253,2425403,150
2425422,2425572,150
2425620,2425770,150
2425776,2425926,150
2425954,2426104,150
2426128,2426278,150
2426298,2426448,150
2426952,2427102,150
2427127,2427277,150
2427299,2427449,150
2427457,2427607,150
2427743,2427893,150
2427926,2428076,150
2428101,2428251,150
2428257,2428407,150
2428432,2428582,150
2428611,2428761,150
2428967,2429117,150
2429154,2429304,150
2429319,2429469,150
2429500,2429788,288
2429812,2429962,150
2429999,2430149,150
2430218,2430368,150
2430418,2430568,150
2430572,2430722,150
2430760,2430910,150
2430915,2431065,150
2431083,2431233,150
2431273,2431423,150
2431530,2431680,150
2431714,2431864,150
2431879,2432029,150
2432059,2432209,150
2432231,2432381,150
2432398,2432548,150
2432570,2432720,150
2432895,2433045,150
2433088,2433375,287
2433559,2433709,150
2433728,2433878,150
2433908,2434058,150
2434072,2434222,150
2434227,2434377,150
2434419,2434775,356
2434798,2434948,150
2434977,2435127,150
2435169,2435319,150
2435346,2435649,303
2435680,2435830,150
2435864,2436014,150
2436191,2436341,150
2436538,2436688,150
2437028,2437178,150
2437211,2437361,150
2437392,2437542,150
2437821,2437971,150
2438054,2438311,257
2438971,2439121,150
2439303,2439453,150
2439456,2439606,150
2439631,2439781,150
2439813,2439963,150
2440122,2440272,150
2440300,2440450,150
2440504,2440654,150
2440801,2440951,150
2441183,2441333,150
2441597,2441747,150
2441756,2441906,150
2441914,2442064,150
2442109,2442259,150
2442297,2442447,150
2442509,2442659,150
2442694,2442844,150
2442873,2443023,150
2443054,2443204,150
2443242,2443392,150
2443415,2443565,150
2443584,2443878,294
2443887,2444037,150
2444062,2444212,150
2444395,2444545,150
2444665,2444815,150
2444851,2445001,150
2445035,2445185,150
2445198,2445348,150
2445360,2445510,150
2445528,2446139,611
2446198,2446348,150
2446528,2446678,150
2446903,2447053,150
2447072,2447222,150
2447238,2447388,150
2447496,2447646,150
2447735,2447885,150
2447888,2448038,150
2448064,2448361,297
2448365,2448515,150
2448534,2448684,150
2448701,2448999,298
2449018,2449168,150
2449210,2449360,150
2449805,2449955,150
2449984,2450134,150
2450160,2450310,150
2450340,2450490,150
2450504,2450870,366
2451066,2451216,150
2451309,2451621,312
2451834,2451984,150
2452027,2452326,299
2452344,2452494,150
2452499,2452649,150
2452775,2452925,150
2452960,2453110,150
2453135,2453285,150
2453287,2453437,150
2453473,2453748,275
2454089,2454239,150
2454399,2454549,150
2454559,2454709,150
2454725,2454875,150
2454905,2455055,150
2457055,2457205,150
2457224,2458013,789
2458036,2458186,150
2458246,2458396,150
2458456,2458606,150
2458791,2458941,150
2458963,2461600,2637
2461678,2461828,150
2462147,2462297,150
2462372,2462820,448
2462829,2462979,150
2463009,2463159,150
2463182,2463332,150
2463436,2463586,150
2463628,2463778,150
2463785,2463935,150
2463960,2464110,150
2464133,2464423,290
2464445,2464595,150
2464758,2464908,150
2464940,2465090,150
2465105,2466753,1648
2466921,2467071,150
2467251,2467401,150
2467424,2467574,150
2467589,2467739,150
2467803,2467953,150
2467990,2468140,150
2468262,2468412,150
2468427,2468577,150
2468597,2468747,150
2468774,2468924,150
2468926,2469076,150
2469099,2471424,2325
2471453,2471603,150
2471659,2472839,1180
2472903,2473053,150
2473085,2474113,1028
2474150,2474300,150
2474335,2474485,150
2474634,2474784,150
2474940,2476249,1309
2476453,2476603,150
2476611,2476761,150
2476787,2476937,150
2476943,2477093,150
2477260,2477410,150
2477433,2477583,150
2477642,2477792,150
2477820,2478107,287
2478130,2478280,150
2478298,2478448,150
2478777,2478927,150
2478949,2479099,150
2479121,2479619,498
2479771,2479921,150
2479960,2480400,440
2480416,2480566,150
2480765,2480915,150
2480935,2481085,150
2481097,2481247,150
2481263,2481413,150
2481446,2481596,150
2481641,2481791,150
2481802,2482276,474
2482295,2482445,150
2482476,2482626,150
2482655,2483271,616
2483517,2483667,150
2484006,2484637,631
2484666,2484816,150
2484818,2485137,319
2485349,2485499,150
2485531,2485681,150
2485763,2485913,150
2485980,2486130,150
2486194,2486344,150
2486422,2486572,150
2486606,2486826,220
2487023,2487173,150
2487192,2487342,150
2487357,2487507,150
2487656,2487806,150
2487844,2487994,150
2488017,2488167,150
2488188,2488338,150
2488355,2488814,459
2488855,2489005,150
2489232,2490645,1413
2490829,2490979,150
2491007,2491304,297
2491347,2491497,150
2491509,2491659,150
2491799,2491949,150
2491975,2492125,150
2492169,2492319,150
2492331,2492481,150
2492508,2492658,150
2492684,2492834,150
2492874,2493024,150
2493026,2493176,150
2493346,2493496,150
2493653,2494018,365
2494043,2494193,150
2494218,2494368,150
2494410,2494560,150
2494703,2494966,263
2494971,2495121,150
2495145,2495798,653
2495810,2495960,150
2496073,2496223,150
2496254,2496404,150
2496429,2496579,150
2496591,2496741,150
2496766,2496916,150
2496926,2497076,150
2497079,2497229,150
2497259,2497409,150
2497482,2497632,150
2497764,2497914,150
2497973,2498123,150
2498145,2498295,150
2498308,2498458,150
2498487,2498637,150
2498661,2498811,150
2498831,2498981,150
2499002,2499152,150
2499225,2499375,150
2499409,2499559,150
2499596,2499746,150
2499775,2499925,150
2499956,2500106,150
2500115,2500265,150
2500281,2500431,150
2500462,2500612,150
2500636,2500786,150
2500810,2501427,617
2501461,2501611,150
2501632,2501782,150
2501820,2501970,150
2501974,2502124,150
2502294,2502444,150
2502519,2503306,787
2503339,2503489,150
2503514,2503664,150
2503876,2504026,150
2504197,2504347,150
2504360,2504510,150
2504532,2504682,150
2504699,2504849,150
2504867,2505347,480
2505366,2505516,150
2505519,2506281,762
2506298,2506448,150
2506457,2506961,504
2507018,2507168,150
2507206,2507356,150
2507390,2509209,1819
2509218,2509368,150
2509490,2509802,312
2509926,2510076,150
2510164,2511466,1302
2511496,2511646,150
2511777,2512378,601
2512423,2512573,150
2512593,2513123,530
2513382,2513532,150
2513661,2514139,478
2514173,2514323,150
2514387,2515379,992
2515528,2515678,150
2515793,2515943,150
2516102,2516709,607
2516822,2516972,150
2517069,2517219,150
2517221,2518603,1382
2518747,2518897,150
2518920,2519070,150
2519078,2519228,150
2519243,2519393,150
2519408,2519558,150
2519590,2519740,150
2519784,2519934,150
2520113,2520263,150
2520717,2520867,150
2520902,2521052,150
2521081,2521231,150
2521253,2521721,468
2522089,2522239,150
2522322,2522472,150
2522481,2522631,150
2522762,2522912,150
2522931,2523081,150
2523125,2523424,299
2523440,2523590,150
2523637,2523787,150
2523840,2524302,462
2524319,2524469,150
2524499,2524649,150
2524655,2525184,529
2525191,2525341,150
2525376,2525526,150
2525572,2528311,2739
2528347,2528497,150
2528690,2528840,150
2528869,2529019,150
2529051,2529386,335
2529395,2529545,150
2529549,2530191,642
2530195,2530345,150
2530377,2530527,150
2530546,2530696,150
2530698,2530848,150
2530901,2531051,150
2531053,2531203,150
2531232,2531382,150
2531445,2531718,273
2531773,2531923,150
2532073,2532223,150
2532372,2532522,150
2532558,2532708,150
2532714,2532864,150
2533181,2533331,150
2533357,2533507,150
2533524,2533674,150
2533685,2533835,150
2533859,2534009,150
2534091,2534241,150
2534276,2534426,150
2534634,2534784,150
2534809,2534959,150
2534996,2535146,150
2535155,2535305,150
2535465,2535615,150
2535622,2535772,150
2535775,2535925,150
2535945,2536095,150
2536234,2536533,299
2536564,2536714,150
2536730,2536880,150
2536881,2537031,150
2537225,2537500,275
2537536,2537686,150
2537714,2538854,1140
2538891,2539041,150
2539222,2539372,150
2539426,2539576,150
2539616,2539766,150
2539921,2540071,150
2540104,2540401,297
2540417,2540567,150
2540573,2540862,289
2540874,2541024,150
2541308,2541458,150
2541518,2541668,150
2541749,2542191,442
2542272,2542422,150
2542432,2542582,150
2542613,2542763,150
2542872,2544957,2085
2545174,2545324,150
2545354,2545504,150
2545541,2545691,150
2545840,2546147,307
2546213,2546363,150
2546409,2546559,150
2546608,2546758,150
2546786,2546936,150
2546967,2547117,150
2547127,2547566,439
2547840,2547990,150
2548065,2548215,150
2548968,2549118,150
2549160,2549310,150
2549441,2549591,150
2549753,2549903,150
2550101,2550251,150
2550252,2550402,150
2550428,2550578,150
2550633,2551707,1074
2551738,2551888,150
2551909,2552059,150
2552064,2552214,150
2552255,2552552,297
2552585,2552735,150
2552773,2552923,150
2552939,2554325,1386
2554436,2554586,150
2554723,2555637,914
2555655,2555805,150
2555968,2556768,800
2556963,2557113,150
2557420,2557570,150
2557617,2558875,1258
2558907,2559057,150
2559233,2559383,150
2559527,2560608,1081
2560755,2560905,150
2561023,2561173,150
2561241,2561518,277
2561876,2562026,150
2562039,2562189,150
2562205,2562355,150
2562370,2562520,150
2562575,2562725,150
2562766,2562916,150
2563076,2563226,150
2563260,2563410,150
2563439,2563589,150
2563767,2563917,150
2564087,2564237,150
2564268,2564418,150
2564425,2564575,150
2564719,2564869,150
2564908,2565058,150
2565349,2565499,150
2565527,2565677,150
2565839,2565989,150
2566010,2566680,670
2566697,2566847,150
2566867,2567017,150
2567044,2567194,150
2567218,2567368,150
2567428,2567718,290
2567749,2567899,150
2567992,2568292,300
2568308,2568458,150
2568487,2568637,150
2568653,2569113,460
2569410,2569560,150
2569587,2569737,150
2569941,2570091,150
2570243,2570393,150
2570442,2570592,150
2570598,2570748,150
2570769,2570919,150
2570946,2571241,295
2571278,2571428,150
2571438,2571588,150
2571772,2571922,150
2571939,2572089,150
2572101,2572251,150
2572268,2572418,150
2572437,2572587,150
2572595,2572745,150
2572781,2572931,150
2573074,2573224,150
2573271,2573421,150
2573438,2573588,150
2573622,2573772,150
2573819,2574295,476
2574310,2574460,150
2574474,2574624,150
2574633,2574783,150
2574852,2575002,150
2575013,2575163,150
2575233,2575383,150
2575412,2575562,150
2575721,2575871,150
2575894,2576044,150
2576072,2576222,150
2576231,2576381,150
2576399,2576549,150
2576724,2577023,299
2577056,2577206,150
2577239,2577874,635
2577906,2578056,150
2578078,2578228,150
2578260,2578410,150
2578435,2578585,150
2578591,2578741,150
2578742,2578892,150
2578911,2579061,150
2579098,2579248,150
2579255,2579719,464
2579749,2579899,150
2580335,2580485,150
2580635,2580785,150
2580811,2580961,150
2580992,2581286,294
2581342,2581492,150
2581705,2581855,150
2581878,2582178,300
2582368,2582518,150
2582577,2582727,150
2582763,2582913,150
2582968,2583118,150
2583197,2585046,1849
2585143,2585293,150
2585319,2585469,150
2585499,2585649,150
2585671,2585821,150
2585844,2585994,150
2586023,2586173,150
2586174,2586324,150
2586343,2586493,150
2586511,2586661,150
2586697,2586847,150
2586955,2587105,150
2587129,2587279,150
2587288,2587438,150
2587453,2587603,150
2587613,2587763,150
2587979,2588758,779
2588860,2589010,150
2589220,2589599,379
2589819,2589969,150
2589973,2590123,150
2590153,2590303,150
2590338,2590488,150
2590509,2590659,150
2590703,2590853,150
2590956,2591106,150
2591451,2591601,150
2591666,2591816,150
2591978,2592128,150
2592157,2592452,295
2592478,2592628,150
2592648,2592798,150
2592804,2592954,150
2592982,2593132,150
2593246,2593396,150
2593420,2593570,150
2593595,2593745,150
2593774,2593924,150
2593943,2594236,293
2594248,2594398,150
2594411,2595142,731
2595145,2595295,150
2595332,2595611,279
2595632,2595782,150
2595806,2595956,150
2595963,2596113,150
2596115,2596265,150
2596291,2596441,150
2596454,2596604,150
2596703,2596853,150
2596878,2597028,150
2597037,2597187,150
2597205,2597355,150
2597369,2597519,150
2597551,2598161,610
2598184,2598334,150
2598350,2598500,150
2598509,2598659,150
2598688,2598838,150
2598852,2599002,150
2599041,2599191,150
2599501,2599651,150
2599659,2599809,150
2599991,2600141,150
2600142,2600412,270
2600449,2600599,150
2600618,2600768,150
2600815,2600965,150
2601013,2601163,150
2601182,2601332,150
2601342,2601492,150
2601503,2601653,150
2601825,2602067,242
2602163,2602313,150
2602354,2602504,150
2602555,2602705,150
2602732,2602882,150
2602896,2603046,150
2603061,2603506,445
2603540,2603690,150
2603756,2603906,150
2603969,2604119,150
2604137,2604287,150
2604320,2604470,150
2604478,2604628,150
2604638,2604788,150
2604803,2604953,150
2604967,2605117,150
2605143,2606188,1045
2606226,2606376,150
2606554,2606704,150
2606713,2606863,150
2606904,2607182,278
2607198,2607348,150
2607366,2607659,293
2607680,2607830,150
2607928,2608078,150
2608107,2608257,150
2608438,2608588,150
2608603,2609083,480
2609399,2609549,150
2609730,2610179,449
2610258,2610408,150
2610487,2611040,553
2611099,2611249,150
2611606,2611756,150
2611910,2612813,903
2612977,2613127,150
2613191,2613634,443
2613677,2613827,150
2613868,2614018,150
2614081,2614410,329
2614449,2614599,150
2614628,2614778,150
2614831,2614981,150
2614996,2615146,150
2615148,2615298,150
2615301,2615451,150
2615452,2615602,150
2615959,2616109,150
2616278,2616428,150
2616460,2616610,150
2616621,2616771,150
2616957,2617107,150
2617136,2617286,150
2617428,2617578,150
2617604,2617754,150
2617769,2617919,150
2617925,2618075,150
2618084,2618234,150
2618266,2619465,1199
2619782,2619932,150
2620058,2620208,150
2620259,2620409,150
2620428,2620578,150
2620585,2620735,150
2620744,2620894,150
2620916,2621066,150
2621207,2621357,150
2621397,2621547,150
2621562,2621891,329
2621941,2622091,150
2622126,2622425,299
2622445,2622595,150
2622699,2622849,150
2622869,2623019,150
2623067,2623217,150
2623227,2623533,306
2623537,2623687,150
2623864,2624014,150
2624041,2624191,150
2624287,2624437,150
2624468,2624618,150
2624637,2624787,150
2624807,2624957,150
2624975,2625273,298
2625298,2625448,150
2625587,2625884,297
2625948,2626098,150
2626279,2626429,150
2626537,2626687,150
2626752,2627577,825
2627717,2627867,150
2627917,2628192,275
2628208,2628358,150
2628376,2628526,150
2628634,2628784,150
2628886,2629036,150
2629063,2629213,150
2629240,2629512,272
2629546,2629696,150
2629736,2629886,150
2629898,2630886,988
2630906,2631056,150
2631095,2631245,150
2631264,2631414,150
2631442,2632063,621
2632240,2632390,150
2632404,2633838,1434
2633855,2634005,150
2634119,2634480,361
2634501,2634651,150
2634665,2634815,150
2635153,2635303,150
2635375,2635525,150
2635526,2635820,294
2635843,2635993,150
2636002,2636152,150
2636191,2636341,150
2636522,2636672,150
2636735,2636885,150
2636963,2637436,473
2637451,2637601,150
2637638,2638710,1072
2638733,2638883,150
2638896,2639046,150
2639060,2639210,150
2639228,2639378,150
2639401,2639551,150
2639562,2639712,150
2639728,2640706,978
2640733,2640883,150
2641024,2641174,150
2641193,2642030,837
2642148,2642298,150
2642384,2642534,150
2642555,2642705,150
2642730,2642880,150
2642910,2643205,295
2643236,2643386,150
2643393,2643543,150
2643555,2643860,305
2643886,2644036,150
2644051,2644346,295
2644375,2644525,150
2644532,2644682,150
2644688,2644838,150
2644847,2644997,150
2645017,2645167,150
2645179,2645329,150
2645355,2645505,150
2645623,2645887,264
2645943,2646093,150
2646133,2646283,150
2646314,2646464,150
2646613,2646763,150
2646797,2647744,947
2647800,2647950,150
2647973,2648432,459
2648474,2648624,150
2648669,2648819,150
2648842,2648992,150
2649018,2649168,150
2649192,2649342,150
2649820,2649970,150
2650023,2650173,150
2650193,2650343,150
2650371,2650521,150
2650536,2650828,292
2650861,2651011,150
2651210,2651360,150
2651416,2651566,150
2651603,2651753,150
2651796,2651946,150
2652134,2652284,150
2652314,2652464,150
2652472,2652622,150
2652633,2652783,150
2652805,2653265,460
2653318,2653468,150
2653679,2653829,150
2653850,2654139,289
2654176,2654326,150
2654350,2654636,286
2654676,2654826,150
2654851,2655001,150
2655217,2655367,150
2655396,2655546,150
2655570,2655720,150
2655732,2655882,150
2655912,2656062,150
2656081,2656231,150
2656266,2656416,150
2656531,2657021,490
2657040,2657190,150
2657206,2657501,295
2657536,2657686,150
2657720,2657870,150
2657915,2658065,150
2658174,2658324,150
2658376,2658526,150
2658561,2658860,299
2658878,2659028,150
2659042,2659192,150
2659198,2659348,150
2659364,2659514,150
2659543,2659843,300
2659876,2660026,150
2660102,2660252,150
2660430,2660580,150
2660799,2660949,150
2661060,2661355,295
2661513,2661663,150
2661866,2662016,150
2662162,2662537,375
2662542,2662692,150
2662722,2662872,150
2662903,2663053,150
2663085,2663235,150
2663245,2663395,150
2663423,2663573,150
2663626,2663776,150
2663798,2663948,150
2663970,2664120,150
2664141,2664291,150
2664467,2664740,273
2664765,2664915,150
2664940,2665090,150
2665099,2665249,150
2665264,2665919,655
2665969,2666119,150
2666130,2666280,150
2666353,2666503,150
2666680,2666973,293
2666995,2667145,150
2667168,2668786,1618
2668820,2668970,150
2669027,2670300,1273
2670362,2670512,150
2670558,2670708,150
2670799,2670949,150
2670996,2671146,150
2671196,2671346,150
2671379,2671529,150
2671553,2671703,150
2671719,2671869,150
2671883,2672033,150
2672041,2672191,150
2672356,2672506,150
2672530,2672680,150
2672686,2672836,150
2672856,2674342,1486
2674355,2674505,150
2674526,2674676,150
2674710,2675010,300
2675041,2675191,150
2675224,2675374,150
2675478,2675628,150
2675647,2675797,150
2675807,2675957,150
2676005,2676155,150
2676174,2676324,150
2676353,2676503,150
2676603,2676753,150
2676937,2677087,150
2677410,2677560,150
2677574,2677724,150
2677759,2677909,150
2678109,2678259,150
2678284,2678434,150
2678459,2679056,597
2679123,2679273,150
2679322,2679472,150
2679492,2679642,150
2679661,2679811,150
2679818,2679968,150
2679983,2680133,150
2680147,2680435,288
2680687,2680837,150
2680868,2681018,150
2681039,2681189,150
2681210,2681528,318
2681628,2681778,150
2681976,2682126,150
2682137,2682287,150
2682292,2682442,150
2682458,2682608,150
2682613,2682763,150
2682801,2684037,1236
2684047,2684197,150
2684216,2684366,150
2684584,2684734,150
2684758,2684908,150
2685080,2685230,150
2685248,2685398,150
2685414,2685564,150
2685585,2685735,150
2685774,2686224,450
2686234,2686384,150
2686387,2686537,150
2686582,2686732,150
2686896,2687046,150
2687243,2687393,150
2687406,2687556,150
2687722,2687872,150
2687910,2688060,150
2688209,2688359,150
2688378,2689017,639
2689229,2689379,150
2689392,2689933,541
2689993,2690143,150
2690177,2690327,150
2690339,2690489,150
2690514,2690664,150
2690682,2690962,280
2691019,2691169,150
2691182,2691332,150
2691372,2691522,150
2691589,2691739,150
2691740,2691890,150
2691904,2692054,150
2692224,2692374,150
2692381,2692531,150
2692562,2692858,296
2692904,2693054,150
2693324,2693832,508
2693921,2694071,150
2694093,2694243,150
2694251,2694705,454
2694731,2694881,150
2694892,2695042,150
2695045,2695195,150
2695217,2695367,150
2695430,2695580,150
2695606,2695756,150
2695907,2696057,150
2696083,2696233,150
2696255,2696405,150
2696579,2696729,150
2696785,2696935,150
2696972,2697122,150
2697269,2697419,150
2697437,2697587,150
2697620,2698280,660
2698291,2698441,150
2698467,2698617,150
2698680,2698830,150
2698958,2699108,150
2699141,2699291,150
2699328,2699478,150
2699492,2699642,150
2699657,2699807,150
2699825,2699975,150
2699999,2700149,150
2700289,2700906,617
2700930,2701080,150
2701119,2701401,282
2701441,2701591,150
2701637,2701787,150
2701788,2701938,150
2701968,2702118,150
2702131,2702281,150
2702308,2702458,150
2702492,2702642,150
2702657,2702807,150
2702827,2702977,150
2703011,2703161,150
2703192,2703342,150
2703376,2703526,150
2703600,2703750,150
2703774,2703924,150
2703948,2705218,1270
2705267,2705417,150
2705635,2705785,150
2705820,2706105,285
2706138,2706288,150
2706322,2706472,150
2706490,2706640,150
2706673,2706823,150
2706890,2707040,150
2707100,2707739,639
2707781,2707931,150
2708111,2708701,590
2708731,2708881,150
2708900,2709050,150
2709082,2709232,150
2709238,2709388,150
2709417,2709567,150
2709733,2709883,150
2709909,2710059,150
2710078,2710228,150
2710466,2710616,150
2710669,2712066,1397
2712274,2712424,150
2712563,2713498,935
2713514,2713664,150
2713940,2714090,150
2714118,2715136,1018
2715153,2715303,150
2715352,2715805,453
2715886,2716036,150
2716055,2716205,150
2716340,2716490,150
2716547,2716697,150
2716754,2718581,1827
2718584,2718734,150
2718788,2719124,336
2719187,2719337,150
2719439,2720221,782
2720242,2720392,150
2720421,2720571,150
2720697,2721199,502
2721371,2721521,150
2721847,2722136,289
2722170,2722320,150
2722553,2722703,150
2722759,2722909,150
2722922,2723072,150
2723087,2723237,150
2723264,2723414,150
2723443,2723593,150
2723595,2723745,150
2723769,2723919,150
2724106,2724256,150
2724271,2724421,150
2724625,2724775,150
2724920,2725070,150
2725134,2725284,150
2725296,2725446,150
2725466,2725616,150
2725652,2725802,150
2725852,2726002,150
2726022,2726172,150
2726224,2726374,150
2726407,2726557,150
2726567,2726717,150
2726747,2726897,150
2726953,2727286,333
2727303,2727453,150
2727668,2727818,150
2727836,2727986,150
2728014,2728164,150
2728346,2728496,150
2728530,2728680,150
2728711,2728861,150
2728907,2729405,498
2729437,2729587,150
2729620,2729770,150
2729785,2729935,150
2729947,2730097,150
2730111,2730261,150
2730272,2730422,150
2730436,2730586,150
2730589,2730739,150
2730753,2730903,150
2730936,2731086,150
2731129,2731279,150
2731315,2731465,150
2731665,2731815,150
2731975,2732919,944
2732963,2733113,150
2733153,2733303,150
2733479,2733629,150
2733715,2733865,150
2733925,2734075,150
2734170,2734320,150
2734398,2734548,150
2734565,2734715,150
2734741,2734891,150
2734910,2735060,150
2735062,2735212,150
2735240,2735390,150
2735425,2735897,472
2735922,2736072,150
2736112,2736262,150
2736265,2736920,655
2737122,2737272,150
2737486,2737636,150
2737998,2738148,150
2738210,2738360,150
2738635,2738785,150
2738810,2738960,150
2738970,2739120,150
2739148,2739298,150
2739325,2741700,2375
2742067,2742217,150
2742337,2742818,481
2742870,2743020,150
2743048,2743198,150
2743217,2743367,150
2743369,2743519,150
2743545,2743695,150
2743722,2744007,285
2744054,2744204,150
2744330,2744480,150
2744579,2744729,150
2744783,2744933,150
2745080,2745230,150
2745273,2745714,441
2745745,2745895,150
2745900,2746050,150
2746073,2746223,150
2746229,2746379,150
2746398,2746548,150
2746571,2746721,150
2746761,2746911,150
2747024,2747174,150
2747209,2747359,150
2747370,2747520,150
2747532,2747682,150
2747697,2747847,150
2747881,2748031,150
2748065,2748215,150
2748248,2748398,150
2748413,2748563,150
2748737,2748887,150
2748902,2749052,150
2749064,2749214,150
2749236,2749386,150
2749404,2749554,150
2749555,2749705,150
2749727,2749877,150
2749889,2750039,150
2750075,2750225,150
2750252,2750402,150
2750614,2750764,150
2750886,2751036,150
2751124,2751274,150
2751291,2751774,483
2751932,2752082,150
2752215,2752365,150
2752398,2753040,642
2753082,2753232,150
2753364,2753514,150
2753547,2753986,439
2754006,2754156,150
2754184,2754334,150
2754521,2754671,150
2754697,2754847,150
2754885,2755035,150
2755134,2755284,150
2755287,2755437,150
2755469,2755766,297
2755800,2755950,150
2755997,2756147,150
2756241,2756391,150
2756392,2756542,150
2756572,2757199,627
2757378,2757528,150
2757641,2757791,150
2757811,2757961,150
2758000,2758150,150
2758158,2758308,150
2758318,2758468,150
2758500,2758650,150
2758915,2759065,150
2759096,2759246,150
2759276,2759426,150
2759430,2759580,150
2759605,2759755,150
2759770,2759920,150
2759965,2760115,150
2760138,2760437,299
2760457,2760607,150
2760653,2760803,150
2760828,2760978,150
2761158,2761812,654
2761846,2761996,150
2762023,2762173,150
2762196,2762346,150
2762354,2762504,150
2762522,2762672,150
2762697,2762847,150
2762858,2763008,150
2763020,2763170,150
2763357,2763507,150
2764012,2764162,150
2764418,2764568,150
2764595,2764919,324
2764935,2765085,150
2765150,2765300,150
2765337,2765487,150
2765522,2765672,150
2765693,2766219,526
2766260,2766410,150
2766432,2766582,150
2766642,2766792,150
2766875,2767175,300
2767197,2767347,150
2767371,2767521,150
2767537,2767687,150
2767721,2767871,150
2767899,2768049,150
2768071,2768713,642
2768861,2769011,150
2769055,2769205,150
2769229,2770235,1006
2770261,2770411,150
2770419,2770569,150
2770624,2771082,458
2771114,2771264,150
2771293,2771443,150
2771450,2771600,150
2771618,2771768,150
2771794,2771944,150
2771984,2772564,580
2772620,2772770,150
2772795,2772945,150
2772980,2773130,150
2773153,2773303,150
2773325,2773779,454
2773795,2773945,150
2773971,2774121,150
2774155,2774305,150
2774317,2774467,150
2774551,2774701,150
2774777,2775845,1068
2776124,2776274,150
2776294,2776444,150
2776452,2776602,150
2776617,2776767,150
2776811,2776961,150
2777015,2777165,150
2777182,2777887,705
2777961,2778111,150
2778126,2778276,150
2778309,2778459,150
2779026,2779176,150
2780076,2780226,150
2780232,2780382,150
2780542,2780692,150
2781051,2781201,150
2781241,2781391,150
2781401,2781551,150
2781577,2781727,150
2781762,2782061,299
2782297,2782447,150
2782487,2783642,1155
2783674,2783824,150
2783851,2784001,150
2784026,2784176,150
2784199,2784349,150
2784370,2784520,150
2784535,2784685,150
2784706,2784991,285
2785006,2785156,150
2785209,2785359,150
2785371,2785521,150
2785535,2785685,150
2785708,2785858,150
2785922,2786210,288
2786240,2786390,150
2786427,2786577,150
2786605,2786755,150
2787095,2787245,150
2787248,2787398,150
2787403,2787553,150
2787608,2787758,150
2787841,2788969,1128
2789219,2789369,150
2789421,2790937,1516
2791014,2791164,150
2791428,2791578,150
2791606,2791756,150
2791765,2791915,150
2791919,2792069,150
2792098,2792248,150
2792435,2792585,150
2792611,2792761,150
2792796,2792946,150
2793068,2793218,150
2793272,2793422,150
2793610,2793760,150
2793772,2793922,150
2793968,2794118,150
2794136,2794286,150
2794333,2794483,150
2794524,2794674,150
2794683,2794833,150
2794857,2795007,150
2795198,2795348,150
2795387,2796416,1029
2796520,2796670,150
2796853,2797003,150
2797055,2797330,275
2797396,2797546,150
2797594,2797864,270
2797888,2798038,150
2798231,2798381,150
2798407,2798557,150
2798783,2798933,150
2798937,2799087,150
2799113,2799263,150
2799301,2799451,150
2799480,2799630,150
2799710,2799860,150
2799998,2800148,150
2800192,2800342,150
2800661,2800811,150
2800814,2800964,150
2800997,2801147,150
2801187,2801337,150
2801363,2801513,150
2801544,2801694,150
2801733,2801883,150
2801901,2802187,286
2802390,2802540,150
2802689,2802839,150
2802908,2803599,691
2803725,2803875,150
2803891,2804041,150
2804058,2804970,912
2804991,2805141,150
2805190,2805609,419
2805642,2805792,150
2805818,2806609,791
2806654,2806804,150
2806820,2807484,664
2807666,2807816,150
2807985,2808813,828
2808835,2808985,150
2809175,2809325,150
2809357,2809507,150
2809523,2809821,298
2809831,2809981,150
2810015,2812659,2644
2812678,2812828,150
2812863,2813013,150
2813063,2813213,150
2813259,2813553,294
2813578,2813728,150
2813747,2813897,150
2813911,2814061,150
2814082,2814232,150
2814249,2814856,607
2815057,2815207,150
2815359,2816602,1243
2816633,2816783,150
2816801,2816951,150
2817005,2817155,150
2817285,2817435,150
2817479,2817629,150
2817640,2817790,150
2817813,2817963,150
2817988,2818138,150
2818286,2819370,1084
2819393,2819543,150
2819618,2820087,469
2820354,2820504,150
2820514,2820664,150
2820676,2820826,150
2820842,2820992,150
2821005,2821155,150
2821171,2821321,150
2821355,2821505,150
2821636,2821786,150
2821831,2821981,150
2822007,2822157,150
2822175,2822325,150
2822347,2822497,150
2822525,2822675,150
2822715,2822865,150
2822891,2823041,150
2823057,2823207,150
2823244,2823394,150
2823616,2823766,150
2823791,2823941,150
2823964,2824114,150
2824185,2824335,150
2824452,2824602,150
2824642,2824792,150
2824847,2825328,481
2825350,2825500,150
2825599,2825749,150
2825902,2826621,719
2826656,2826806,150
2826833,2826983,150
2827004,2827154,150
2827170,2827320,150
2827351,2830834,3483
2830954,2831104,150
2831184,2831334,150
2831505,2832318,813
2832329,2832479,150
2832491,2832641,150
2832656,2832806,150
2832811,2832961,150
2832986,2833136,150
2833163,2833313,150
2833465,2833615,150
2833642,2833792,150
2833803,2833953,150
2833972,2834122,150
2834148,2834776,628
2834790,2834940,150
2835108,2835258,150
2835268,2835629,361
2835790,2835940,150
2835953,2836436,483
2836598,2836748,150
2836768,2836918,150
2836945,2837095,150
2837104,2837254,150
2837288,2837438,150
2837480,2837630,150
2837652,2837802,150
2838001,2838151,150
2838199,2838623,424
2838760,2838910,150
2838937,2839087,150
2839113,2839415,302
2839567,2839717,150
2839743,2839893,150
2839931,2840206,275
2840224,2840374,150
2840402,2840552,150
2840560,2840710,150
2840752,2840902,150
2840932,2842403,1471
2842440,2842590,150
2842759,2842909,150
2843052,2843612,560
2843635,2843785,150
2843799,2843949,150
2843964,2844114,150
2844116,2844266,150
2844344,2844494,150
2844631,2844781,150
2844819,2844969,150
2844971,2845121,150
2845136,2845286,150
2845306,2846005,699
2846083,2846233,150
2846308,2846458,150
2846564,2846714,150
2846755,2847073,318
2847114,2847264,150
2847298,2847448,150
2847475,2847625,150
2847659,2848109,450
2848142,2848292,150
2848300,2848618,318
2848622,2848772,150
2848795,2848945,150
2848956,2849106,150
2849110,2849410,300
2849428,2849578,150
2849589,2849739,150
2849764,2849914,150
2849927,2850077,150
2850106,2850256,150
2850257,2850407,150
2850431,2850581,150
2850642,2851015,373
2851381,2851531,150
2851707,2851857,150
2851883,2852033,150
2852245,2852829,584
2852870,2853020,150
2853057,2853207,150
2853258,2853567,309
2853682,2853832,150
2853847,2853997,150
2854033,2854183,150
2854196,2854346,150
2854375,2854525,150
2854559,2854709,150
2854825,2855527,702
2855595,2855745,150
2855779,2855929,150
2856032,2856182,150
2856207,2856357,150
2856432,2856582,150
2856637,2856787,150
2856835,2856985,150
2857040,2857494,454
2857539,2857689,150
2857709,2858065,356
2858242,2858392,150
2858441,2858591,150
2858708,2858858,150
2858863,2859013,150
2859068,2859218,150
2859229,2859379,150
2859380,2859530,150
2859554,2859704,150
2859750,2859900,150
2859902,2860052,150
2860084,2860348,264
2862468,2862618,150
2862770,2862920,150
2864375,2864525,150
2864547,2864697,150
2864849,2864999,150
2865023,2865173,150
2865198,2865348,150
2865858,2866008,150
2866435,2867478,1043
2867717,2867867,150
2867911,2868061,150
2868181,2868331,150
2868345,2868495,150
2868517,2868667,150
2868677,2868827,150
2868848,2868998,150
2869012,2869458,446
2869472,2869622,150
2869651,2869801,150
2869829,2870180,351
2870213,2870363,150
2870382,2870532,150
2870571,2870843,272
2870861,2871011,150
2871025,2871175,150
2871180,2871330,150
2871343,2871493,150
2871513,2871663,150
2871715,2871865,150
2872013,2872163,150
2872182,2872332,150
2872354,2872652,298
2872667,2872817,150
2872838,2872988,150
2873009,2873159,150
2873183,2873333,150
2873534,2873684,150
2873979,2874129,150
2874295,2874792,497
2874819,2874969,150
2874995,2875281,286
2875341,2875491,150
2875571,2875721,150
2875957,2876107,150
2876199,2877799,1600
2877814,2877964,150
2877983,2878133,150
2878183,2878333,150
2878429,2878726,297
2878762,2878912,150
2878920,2879253,333
2879261,2879411,150
2879440,2879723,283
2879804,2879954,150
2879998,2880148,150
2880153,2880676,523
2880758,2880908,150
2881037,2881674,637
2881711,2881861,150
2881898,2882048,150
2882076,2882226,150
2882277,2882427,150
2882615,2882765,150
2882786,2882936,150
2882968,2884603,1635
2884632,2884782,150
2884830,2884980,150
2885004,2885154,150
2885192,2885342,150
2885399,2885549,150
2885576,2885726,150
2885740,2885890,150
2885896,2886046,150
2886418,2886568,150
2886718,2886868,150
2886981,2887131,150
2887197,2887347,150
2887365,2887515,150
2887549,2887699,150
2887728,2887878,150
2887912,2888062,150
2888095,2888245,150
2888359,2888509,150
2888538,2888688,150
2888704,2889315,611
2889342,2889492,150
2889521,2889671,150
2889777,2889927,150
2889975,2890125,150
2890153,2890303,150
2890328,2890478,150
2890491,2890641,150
2890653,2890803,150
2890829,2892250,1421
2892296,2892446,150
2892582,2892732,150
2892970,2893120,150
2893161,2893311,150
2893320,2893470,150
2893490,2893640,150
2893674,2893824,150
2893868,2894018,150
2894157,2894307,150
2894514,2894664,150
2894683,2896345,1662
2896364,2896514,150
2896556,2897543,987
2897570,2897720,150
2897763,2897913,150
2898151,2898301,150
2898600,2898861,261
2898935,2899085,150
2899244,2899394,150
2899875,2900025,150
2900127,2900277,150
2900343,2900493,150
2900726,2900876,150
2900988,2901264,276
2901267,2901417,150
2901445,2901595,150
2901622,2901772,150
2901862,2902012,150
2902254,2902404,150
2902450,2902600,150
2902648,2902798,150
2902831,2902981,150
2902999,2903149,150
2903211,2903361,150
2903384,2903534,150
2903569,2903719,150
2903743,2904132,389
2904235,2904385,150
2904423,2904573,150
2904605,2904755,150
2904790,2904940,150
2904953,2905573,620
2905582,2905732,150
2905754,2905904,150
2905930,2907189,1259
2907247,2907397,150
2907710,2907860,150
2907979,2908129,150
2908146,2908296,150
2908458,2908608,150
2908742,2908892,150
2908995,2909145,150
2909191,2909341,150
2909366,2909828,462
2909862,2910012,150
2910029,2910179,150
2910187,2910337,150
2910364,2910514,150
2910543,2910693,150
2910851,2911001,150
2911027,2911177,150
2911565,2911715,150
2911741,2911891,150
2912079,2912229,150
2912474,2912773,299
2912791,2912941,150
2912966,2913116,150
2913125,2913275,150
2913289,2913439,150
2913465,2913615,150
2913752,2913902,150
2913957,2914107,150
2914134,2914284,150
2914311,2914461,150
2914478,2914771,293
2914791,2914941,150
2914963,2915113,150
2915119,2915269,150
2915281,2915579,298
2915586,2915736,150
2915766,2916263,497
2916414,2916564,150
2916748,2916898,150
2916987,2917464,477
2917616,2917766,150
2917787,2918736,949
2918745,2918895,150
2918916,2919066,150
2919178,2919328,150
2919346,2919496,150
2919522,2919820,298
2919839,2919989,150
2920025,2920175,150
2920333,2920483,150
2920502,2921108,606
2921137,2921287,150
2921522,2922052,530
2922077,2922227,150
2922274,2922911,637
2922924,2923074,150
2923281,2923431,150
2923609,2923759,150
2923784,2923934,150
2923971,2924121,150
2924136,2924286,150
2924294,2925273,979
2925312,2925462,150
2925582,2925732,150
2925779,2927703,1924
2927911,2928061,150
2928205,2928486,281
2928514,2928664,150
2928764,2928914,150
2928984,2929134,150
2929160,2929310,150
2929359,2929668,309
2929756,2929906,150
2929932,2930082,150
2930119,2930392,273
2930437,2930587,150
2930597,2930747,150
2930761,2930911,150
2930975,2931125,150
2931264,2931542,278
2931594,2931744,150
2931752,2932421,669
2932434,2932584,150
2932637,2932787,150
2932915,2933065,150
2933233,2933383,150
2933417,2934623,1206
2934733,2934883,150
2935147,2935297,150
2935651,2935801,150
2935957,2936107,150
2936130,2936280,150
2936319,2936469,150
2936819,2936969,150
2936998,2937148,150
2937177,2937327,150
2937351,2937501,150
2937537,2937687,150
2937896,2938046,150
2938189,2938339,150
2938488,2938958,470
2939019,2939169,150
2939335,2939485,150
2939510,2939660,150
2939663,2939813,150
2940011,2940161,150
2940425,2941099,674
2941196,2941346,150
2941472,2941622,150
2941780,2942090,310
2942189,2942339,150
2942406,2942556,150
2942703,2942853,150
2942857,2943007,150
2943054,2943456,402
2943488,2943638,150
2943690,2943840,150
2943882,2944032,150
2944180,2944330,150
2944507,2944657,150
2944688,2945311,623
2945511,2945661,150
2945694,2945844,150
2945905,2946055,150
2946147,2946297,150
2946433,2946746,313
2946750,2946900,150
2946941,2947241,300
2947265,2947415,150
2947425,2947575,150
2947598,2947748,150
2947749,2947899,150
2947935,2948085,150
2948093,2948243,150
2948252,2948402,150
2948422,2948572,150
2948637,2948787,150
2948910,2949060,150
2949088,2949517,429
2949562,2949712,150
2949775,2949925,150
2949936,2950086,150
2950143,2950293,150
2950382,2950532,150
2950615,2951036,421
2951083,2951233,150
2951579,2951729,150
2951765,2951915,150
2951930,2952080,150
2952089,2952239,150
2952406,2952556,150
2952569,2952929,360
2952964,2953114,150
2953221,2953371,150
2953388,2954018,630
2954034,2954184,150
2954208,2954358,150
2954690,2954840,150
2954889,2955039,150
2955202,2955352,150
2955376,2955654,278
2955872,2956022,150
2956097,2956247,150
2956279,2956429,150
2956444,2956594,150
2956611,2956761,150
2956796,2956946,150
2956956,2957106,150
2957145,2957295,150
2957453,2957603,150
2957620,2957770,150
2957793,2957943,150
2957962,2958112,150
2958159,2958309,150
2958339,2958489,150
2958502,2958954,452
2958981,2959131,150
2959340,2959490,150
2959694,2959844,150
2959911,2960061,150
2960199,2960513,314
2960788,2960938,150
2961015,2961404,389
2961559,2961709,150
2961961,2962111,150
2962370,2962690,320
2962736,2962886,150
2962913,2963063,150
2963155,2963305,150
2963357,2963507,150
2963580,2963730,150
2963770,2963920,150
2963948,2964098,150
2964154,2964304,150
2964335,2964485,150
2964545,2964695,150
2964733,2964883,150
2964917,2965067,150
2965090,2965240,150
2965272,2965422,150
2965570,2965854,284
2965921,2966071,150
2966325,2966475,150
2966659,2966809,150
2966865,2967369,504
2967566,2967716,150
2967849,2967999,150
2968040,2968190,150
2968229,2968379,150
2968533,2968683,150
2968704,2968854,150
2968863,2969013,150
2969043,2969193,150
2969300,2969450,150
2969498,2969648,150
2969675,2969825,150
2969827,2969977,150
2970328,2970478,150
2970543,2970693,150
2970881,2971031,150
2971118,2971918,800
2971951,2972101,150
2972277,2972427,150
2972438,2972883,445
2972911,2973061,150
2973078,2973228,150
2973257,2973407,150
2973443,2973593,150
2973668,2973818,150
2974196,2974346,150
2974364,2974514,150
2974528,2974841,313
2974907,2975057,150
2975210,2975360,150
2975385,2975535,150
2975882,2976166,284
2976355,2976505,150
2976545,2976695,150
2976705,2976855,150
2976875,2977182,307
2977192,2977342,150
2977404,2977693,289
2977707,2977857,150
2977873,2978199,326
2978209,2978359,150
2978408,2978558,150
2978618,2978768,150
2978790,2979091,301
2979097,2979247,150
2979273,2979423,150
2979439,2979589,150
2979767,2979917,150
2980270,2980420,150
2980632,2980782,150
2981162,2981312,150
2981322,2981472,150
2981476,2981626,150
2981634,2981784,150
2981946,2982096,150
2982137,2982287,150
2982329,2982479,150
2982510,2982660,150
2982670,2982820,150
2982858,2983008,150
2983031,2983337,306
2983398,2983548,150
2983615,2983765,150
2983784,2983934,150
2983977,2984127,150
2984178,2984328,150
2984447,2984597,150
2984657,2984807,150
2984831,2985108,277
2985143,2985293,150
2985322,2985640,318
2985948,2986098,150
2986265,2986415,150
2986448,2986769,321
2986808,2986958,150
2986972,2987122,150
2987251,2987401,150
2987434,2988023,589
2988057,2988207,150
2988242,2988392,150
2988468,2988747,279
2988758,2988908,150
2988933,2989083,150
2989104,2989254,150
2989266,2989416,150
2989480,2989630,150
2989645,2989795,150
2989824,2989974,150
2990071,2990221,150
2990353,2990503,150
2990531,2990799,268
2990861,2991011,150
2991016,2991166,150
2991192,2991342,150
2991360,2991669,309
2991678,2991828,150
2991864,2992626,762
2992669,2992819,150
2992953,2993103,150
2993136,2993286,150
2993325,2993475,150
2993554,2993704,150
2993767,2993917,150
2993947,2994097,150
2994119,2994269,150
2994317,2995680,1363
2995707,2995857,150
2995874,2996338,464
2996363,2996513,150
2996527,2996677,150
2996683,2996833,150
2996861,2997011,150
2997015,2997165,150
2997316,2997466,150
2997482,2997632,150
2997654,2997804,150
2997828,2997978,150
2997986,2998136,150
2998163,2998313,150
2998317,2998467,150
2998618,2998768,150
2998798,2999398,600
2999642,2999792,150
2999864,3000589,725
3000607,3000757,150
3000776,3000926,150
3000952,3001102,150
3001149,3001299,150
3001490,3001640,150
3001768,3001918,150
3002033,3002183,150
3002242,3003631,1389
3004050,3004200,150
3004415,3004565,150
3004594,3004744,150
3004781,3004931,150
3004973,3005123,150
3005191,3005341,150
3005400,3005550,150
3005577,3005842,265
3005855,3006005,150
3006181,3006331,150
3006515,3006665,150
3006691,3006841,150
3006869,3007019,150
3007077,3007394,317
3007509,3007659,150
3007672,3008770,1098
3008927,3009077,150
3009233,3009546,313
3009572,3009722,150
3009760,3010680,920
3010713,3010863,150
3010865,3011263,398
3011489,3011639,150
3011742,3013328,1586
3013340,3013490,150
3013549,3013699,150
3013739,3013889,150
3014115,3014599,484
3014615,3014765,150
3014834,3015134,300
3015135,3015285,150
3015453,3015603,150
3015618,3016116,498
3016155,3016305,150
3016339,3017247,908
3017280,3017430,150
3017443,3017593,150
3017612,3017762,150
3017775,3017925,150
3017940,3018090,150
3018114,3018264,150
3018307,3018457,150
3018521,3018671,150
3018698,3018848,150
3018878,3019028,150
3019048,3019198,150
3019215,3019365,150
3019525,3019675,150
3019864,3020014,150
3020041,3020191,150
3020262,3020412,150
3020477,3020627,150
3020688,3020838,150
3021012,3021507,495
3021536,3021686,150
3021709,3021859,150
3021894,3022484,590
3022668,3022818,150
3022847,3022997,150
3023005,3023155,150
3023198,3023638,440
3023668,3023818,150
3023854,3024296,442
3024329,3024479,150
3024523,3024876,353
3025028,3025178,150
3025197,3025537,340
3025570,3025720,150
3025742,3025892,150
3025933,3026083,150
3026248,3026591,343
3026626,3026776,150
3026985,3027135,150
3027614,3027764,150
3027792,3027942,150
3028118,3029191,1073
3029459,3029609,150
3029642,3031695,2053
3031820,3031970,150
3032028,3032178,150
3032190,3032340,150
3032485,3032635,150
3032757,3032907,150
3032936,3033086,150
3033119,3033269,150
3033293,3033443,150
3033453,3033603,150
3033647,3034859,1212
3034888,3035038,150
3035041,3035855,814
3035876,3036026,150
3036123,3036273,150
3036370,3038205,1835
3038241,3038391,150
3038441,3038591,150
3038644,3039589,945
3039601,3039751,150
3039778,3040250,472
3040283,3040433,150
3040449,3041279,830
3041308,3041458,150
3041496,3041646,150
3041658,3041808,150
3041828,3041978,150
3042171,3042321,150
3042337,3042487,150
3042511,3042661,150
3042677,3042827,150
3042846,3042996,150
3043012,3043162,150
3043198,3043348,150
3043397,3043845,448
3043849,3043999,150
3044017,3044167,150
3044224,3044374,150
3044388,3044538,150
3044555,3044705,150
3044732,3044882,150
3044890,3045040,150
3045076,3045226,150
3045251,3045401,150
3045420,3045570,150
3045584,3045734,150
3045756,3046486,730
3046514,3046664,150
3046864,3047014,150
3047190,3047340,150
3047361,3047511,150
3047528,3047678,150
3047685,3047835,150
3047849,3047999,150
3048037,3048187,150
3048207,3048357,150
3048475,3048625,150
3048647,3048797,150
3048813,3048963,150
3048973,3049123,150
3049149,3049299,150
3049325,3049475,150
3049494,3049644,150
3049663,3049813,150
3049832,3050450,618
3050488,3050638,150
3050660,3050810,150
3050834,3050984,150
3051006,3051156,150
3051173,3051481,308
3051655,3051805,150
3051931,3052449,518
3052528,3052678,150
3052714,3053003,289
3053026,3053176,150
3053196,3053346,150
3053358,3053508,150
3053540,3053690,150
3053774,3053924,150
3054275,3054545,270
3054592,3054742,150
3054783,3054933,150
3054985,3055135,150
3055172,3055322,150
3055425,3055575,150
3055617,3055767,150
3055788,3056467,679
3056487,3056637,150
3056658,3056808,150
3057044,3057194,150
3057212,3057505,293
3057544,3057694,150
3057737,3058125,388
3058145,3058295,150
3058322,3058472,150
3058478,3058628,150
3058651,3058801,150
3058803,3058953,150
3059000,3059150,150
3059177,3059327,150
3059328,3059478,150
3059486,3059636,150
3059657,3059807,150
3059826,3059976,150
3060004,3060154,150
3060186,3060336,150
3060363,3060513,150
3060526,3060676,150
3060705,3060855,150
3060874,3061024,150
3061055,3061205,150
3061265,3061415,150
3061537,3062180,643
3062206,3062356,150
3062394,3062544,150
3062546,3062696,150
3062709,3062859,150
3062887,3063037,150
3063066,3064405,1339
3064445,3064595,150
3064809,3064959,150
3065060,3065210,150
3065260,3065410,150
3065433,3065583,150
3065602,3065752,150
3065772,3065922,150
3065940,3066090,150
3066111,3066261,150
3066267,3066417,150
3066440,3066590,150
3066761,3066911,150
3066941,3067091,150
3067116,3067266,150
3067294,3067444,150
3067481,3067631,150
3067650,3067800,150
3067867,3068017,150
3068042,3068192,150
3068228,3068378,150
3068601,3068751,150
3068792,3068942,150
3068991,3069141,150
3069190,3069646,456
3069691,3069841,150
3070054,3071151,1097
3071173,3071323,150
3071354,3071504,150
3071527,3071980,453
3071992,3072142,150
3072163,3072313,150
3072323,3072473,150
3072505,3072655,150
3072755,3072905,150
3072929,3073079,150
3073123,3073273,150
3073282,3074053,771
3074288,3074438,150
3074626,3074776,150
3074791,3074941,150
3074982,3075132,150
3075270,3075942,672
3076175,3076325,150
3076373,3076523,150
3076568,3076885,317
3076927,3077077,150
3077160,3077310,150
3077486,3077636,150
3077701,3077851,150
3078045,3078195,150
3078223,3078373,150
3078378,3078528,150
3078566,3078716,150
3078744,3078894,150
3078946,3079096,150
3079145,3079480,335
3079530,3079680,150
3079811,3080402,591
3080426,3080576,150
3080579,3080729,150
3080763,3080913,150
3080922,3081072,150
3081095,3081391,296
3081426,3081576,150
3081674,3081824,150
3081864,3082014,150
3082028,3082178,150
3082194,3082344,150
3082367,3082517,150
3082519,3083140,621
3083447,3083597,150
3083639,3083789,150
3083919,3084069,150
3084105,3084255,150
3084269,3084419,150
3084435,3084585,150
3084609,3084759,150
3084804,3084954,150
3085002,3085152,150
3085182,3085332,150
3085369,3085668,299
3085698,3085848,150
3085879,3086029,150
3086046,3086196,150
3086216,3086366,150
3086378,3086528,150
3086542,3086692,150
3086718,3086868,150
3086951,3087101,150
3087152,3087302,150
3087312,3087462,150
3087484,3087634,150
3087660,3087810,150
3087842,3087992,150
3088027,3088177,150
3088196,3088346,150
3088360,3088510,150
3088538,3088688,150
3088849,3088999,150
3089019,3089312,293
3089356,3089506,150
3089540,3089690,150
3089711,3089861,150
3089866,3090016,150
3090038,3090188,150
3090241,3090391,150
3090429,3090579,150
3090592,3090742,150
3090791,3090941,150
3091118,3091268,150
3091284,3091756,472
3091871,3092021,150
3092051,3092201,150
3092231,3092381,150
3092414,3092564,150
3092580,3092730,150
3092758,3092908,150
3092914,3093064,150
3093281,3093431,150
3093661,3093936,275
3094170,3094320,150
3094352,3094502,150
3094566,3094716,150
3094781,3094931,150
3094976,3095126,150
3095152,3095302,150
3095326,3095476,150
3095497,3095647,150
3095658,3095808,150
3095824,3095974,150
3095996,3096146,150
3096174,3096324,150
3096337,3096634,297
3096649,3096799,150
3096806,3096956,150
3096972,3097223,251
3097260,3097410,150
3097434,3097584,150
3097599,3097749,150
3097795,3098264,469
3098270,3098420,150
3098435,3098585,150
3098613,3098763,150
3098775,3098925,150
3098940,3099090,150
3099113,3099424,311
3099483,3099633,150
3099645,3100283,638
3100328,3100478,150
3100504,3100654,150
3100685,3100835,150
3100868,3101018,150
3101026,3101176,150
3101203,3101353,150
3101365,3102336,971
3102376,3102526,150
3102545,3102695,150
3102707,3102857,150
3102891,3103041,150
3103055,3103205,150
3103234,3103384,150
3103411,3103702,291
3103807,3103957,150
3104007,3104332,325
3104384,3104534,150
3104594,3106009,1415
3106037,3106187,150
3106404,3106717,313
3106871,3107021,150
3107208,3108028,820
3108201,3108351,150
3108394,3108544,150
3108554,3108704,150
3108725,3108875,150
3108891,3109041,150
3109079,3109229,150
3109255,3109405,150
3109443,3109748,305
3109783,3109933,150
3109950,3110100,150
3110156,3110306,150
3110333,3110483,150
3110509,3110659,150
3110719,3110869,150
3110901,3111051,150
3111098,3111248,150
3111317,3111798,481
3111845,3111995,150
3112019,3112169,150
3112214,3112364,150
3112445,3112711,266
3112757,3112907,150
3113027,3113390,363
3113619,3113769,150
3113905,3114055,150
3114080,3114230,150
3114260,3114410,150
3114421,3114571,150
3114581,3114731,150
3114739,3114889,150
3114904,3115054,150
3115072,3115839,767
3115864,3116014,150
3116041,3116191,150
3116403,3116692,289
3116916,3117066,150
3117085,3117235,150
3117264,3117414,150
3117422,3117572,150
3117599,3117749,150
3117756,3117906,150
3117925,3118075,150
3118106,3118256,150
3118373,3118523,150
3118911,3119061,150
3119081,3119542,461
3119548,3119698,150
3119727,3119877,150
3119882,3120032,150
3120054,3120204,150
3120222,3120372,150
3120386,3120536,150
3120601,3120751,150
3120759,3120909,150
3120938,3121088,150
3121107,3121257,150
3121288,3121438,150
3121458,3122412,954
3122468,3122618,150
3122691,3122958,267
3123016,3123166,150
3123203,3123353,150
3123547,3123866,319
3123947,3124097,150
3124310,3124460,150
3124474,3124624,150
3124830,3124980,150
3125005,3125155,150
3125161,3125311,150
3125468,3126076,608
3126256,3126406,150
3126432,3126582,150
3126624,3126774,150
3126872,3127022,150
3127044,3127194,150
3127236,3127386,150
3127647,3127797,150
3127890,3128176,286
3128204,3128354,150
3128376,3128526,150
3128549,3128699,150
3128715,3129316,601
3129343,3129493,150
3129507,3129657,150
3129868,3130018,150
3130029,3130496,467
3130573,3130723,150
3130970,3131120,150
3131155,3131305,150
3131394,3131693,299
3131884,3132034,150
3132062,3132358,296
3132385,3132535,150
3132556,3132706,150
3132740,3132890,150
3132926,3133076,150
3133090,3133240,150
3133283,3133433,150
3134134,3134284,150
3134392,3134650,258
3134715,3134865,150
3134889,3135039,150
3135411,3135561,150
3135698,3135848,150
3135857,3136007,150
3136018,3136168,150
3136191,3136473,282
3136506,3136656,150
3136713,3136863,150
3136909,3137251,342
3137269,3137419,150
3137439,3137589,150
3137598,3137748,150
3137793,3137943,150
3137973,3138123,150
3138141,3138291,150
3138391,3138541,150
3138547,3138697,150
3138722,3138872,150
3139118,3140113,995
3140133,3140283,150
3140320,3140470,150
3140612,3142888,2276
3142919,3143069,150
3143185,3143744,559
3143752,3143902,150
3143932,3144082,150
3144144,3144987,843
3145303,3145453,150
3145455,3145605,150
3145637,3145787,150
3145806,3145956,150
3146152,3146302,150
3146327,3146477,150
3146514,3146664,150
3146729,3146879,150
3146916,3147066,150
3147108,3147258,150
3147274,3147894,620
3147908,3148058,150
3148067,3148217,150
3148249,3148399,150
3148429,3148579,150
3148768,3148918,150
3148982,3149261,279
3149461,3149611,150
3149714,3149864,150
3150307,3150457,150
3150623,3151409,786
3151438,3151588,150
3151604,3151754,150
3151759,3151909,150
3151926,3152076,150
3152101,3152251,150
3152297,3152447,150
3152537,3152687,150
3152743,3152893,150
3152916,3153066,150
3153081,3153231,150
3153246,3153396,150
3153427,3153577,150
3153602,3153752,150
3153774,3153924,150
3153936,3154086,150
3154147,3154788,641
3154846,3154996,150
3155515,3155665,150
3155701,3155851,150
3155862,3156012,150
3156016,3156166,150
3156178,3156328,150
3156354,3156504,150
3156539,3156689,150
3156710,3156860,150
3156873,3157023,150
3157039,3157189,150
3157209,3157359,150
3157383,3157981,598
3158056,3158206,150
3158236,3158386,150
3158401,3158551,150
3158577,3158727,150
3158963,3159113,150
3159225,3159545,320
3159556,3159706,150
3159736,3159886,150
3159907,3160057,150
3160078,3160228,150
3160237,3160387,150
3160404,3160554,150
3160776,3160926,150
3160930,3161080,150
3161102,3161252,150
3161258,3161408,150
3161433,3161583,150
3161787,3161937,150
3162191,3162341,150
3162349,3162499,150
3162506,3162656,150
3162693,3163161,468
3163387,3163537,150
3163558,3163708,150
3163718,3163868,150
3163888,3164185,297
3164196,3164346,150
3164369,3164519,150
3164536,3165144,608
3165180,3165330,150
3165519,3165669,150
3165672,3165822,150
3165865,3166015,150
3166026,3166311,285
3166386,3166536,150
3166641,3166791,150
3166891,3167041,150
3167249,3167399,150
3167414,3167564,150
3167589,3167898,309
3167928,3168078,150
3168141,3168291,150
3168376,3168714,338
3168718,3168868,150
3168896,3169046,150
3169117,3169429,312
3169528,3169678,150
3169737,3170419,682
3170425,3170575,150
3170620,3170770,150
3170842,3171135,293
3171204,3171354,150
3171378,3171528,150
3171644,3171794,150
3171800,3172438,638
3172599,3172749,150
3172791,3172941,150
3172975,3173125,150
3173399,3173549,150
3173621,3174208,587
3174219,3174369,150
3174383,3174533,150
3174558,3174708,150
3174750,3174900,150
3175050,3175200,150
3175263,3175413,150
3175459,3176267,808
3176335,3176485,150
3176526,3176676,150
3176866,3177016,150
3177073,3177639,566
3177727,3177877,150
3177906,3178056,150
3178105,3178255,150
3178278,3178428,150
3178498,3178648,150
3178658,3179101,443
3179108,3179258,150
3179267,3179417,150
3179443,3179593,150
3179608,3179758,150
3179774,3179924,150
3180123,3180273,150
3180378,3180887,509
3180904,3181054,150
3181075,3181225,150
3181586,3183959,2373
3184118,3184268,150
3184296,3184446,150
3184458,3184608,150
3184651,3184801,150
3184829,3184979,150
3185006,3185666,660
3185710,3185860,150
3185991,3188560,2569
3188573,3188723,150
3188748,3188898,150
3188909,3189059,150
3189076,3189226,150
3189246,3189396,150
3189570,3189720,150
3189727,3189877,150
3189894,3190044,150
3190057,3190664,607
3190683,3190833,150
3190859,3191009,150
3191054,3191204,150
3191374,3191524,150
3191556,3191706,150
3191719,3191869,150
3191899,3192049,150
3192074,3192224,150
3192246,3192396,150
3192419,3192569,150
3192590,3192740,150
3192786,3192936,150
3192968,3193118,150
3193425,3193575,150
3193733,3193883,150
3194483,3194633,150
3194671,3194821,150
3196028,3196178,150
3196222,3196372,150
3196391,3196541,150
3196767,3196917,150
3196959,3197386,427
3197417,3197567,150
3197644,3197794,150
3197835,3197985,150
3198070,3198570,500
3198609,3198759,150
3198903,3199053,150
3199256,3199406,150
3199410,3199560,150
3199570,3199720,150
3199752,3200043,291
3200243,3200393,150
3200440,3200590,150
3200756,3200906,150
3201063,3201213,150
3201308,3201458,150
3201515,3201665,150
3201735,3201885,150
3201939,3202089,150
3202172,3202322,150
3202398,3202548,150
3202733,3202883,150
3202937,3203087,150
3203113,3203263,150
3203284,3203434,150
3203450,3203600,150
3203601,3204060,459
3204096,3204246,150
3204269,3204419,150
3204645,3204795,150
3204811,3204961,150
3204982,3205132,150
3205248,3205398,150
3205548,3205698,150
3205730,3205880,150
3205893,3206043,150
3206066,3206216,150
3206244,3206394,150
3206409,3206559,150
3206598,3206748,150
3206819,3207172,353
3207201,3207351,150
3212607,3212757,150
3212772,3212922,150
3212966,3213116,150
3213133,3213283,150
3213309,3213459,150
3213619,3213769,150
3214004,3214154,150
3214288,3214438,150
3214540,3214690,150
3214955,3215105,150
3216309,3216459,150
3216478,3216628,150
3216659,3217306,647
3217333,3217483,150
3217509,3217659,150
3217737,3218795,1058
3219029,3219179,150
3219286,3219728,442
3219777,3219927,150
3219988,3220138,150
3220160,3220310,150
3220324,3220474,150
3220638,3220788,150
3220797,3220947,150
3221137,3221287,150
3221292,3221442,150
3221479,3221786,307
3221905,3222055,150
3222305,3222455,150
3222514,3222664,150
3222684,3222974,290
3223013,3223163,150
3223207,3223357,150
3223459,3223609,150
3223828,3223978,150
3224217,3225079,862
3225128,3225278,150
3225449,3225599,150
3225860,3226190,330
3226305,3226455,150
3226512,3226662,150
3226729,3227143,414
3227166,3227316,150
3227338,3227488,150
3227533,3227683,150
3227708,3227858,150
3227876,3228026,150
3228067,3228559,492
3228627,3228777,150
3228826,3228976,150
3229028,3229178,150
3229284,3229434,150
3229449,3229599,150
3229799,3229949,150
3229980,3231155,1175
3231182,3231332,150
3231348,3231498,150
3231834,3231984,150
3232246,3232565,319
3232765,3232915,150
3232928,3233078,150
3233110,3233260,150
3233263,3233413,150
3233652,3235849,2197
3235886,3236036,150
3236070,3236743,673
3236761,3236911,150
3237094,3237244,150
3237437,3237587,150
3237622,3237772,150
3237789,3237939,150
3237950,3238100,150
3238235,3238385,150
3238416,3238566,150
3238586,3238736,150
3238743,3238893,150
3238924,3239074,150
3239098,3239554,456
3239598,3239748,150
3239817,3239967,150
3240048,3240338,290
3240524,3240674,150
3240704,3240854,150
3240937,3241087,150
3241187,3242804,1617
3242837,3242987,150
3243149,3245239,2090
3245269,3245419,150
3245543,3245693,150
3245889,3246599,710
3246768,3246918,150
3246953,3247103,150
3247246,3247396,150
3247515,3247665,150
3247685,3247835,150
3247895,3248045,150
3248069,3248219,150
3248248,3248398,150
3248419,3248569,150
3248587,3248737,150
3248743,3248893,150
3249085,3249235,150
3249454,3249604,150
3249622,3249772,150
3249804,3249954,150
3249983,3250133,150
3250146,3250958,812
3251007,3251157,150
3251192,3251342,150
3251373,3251649,276
3251734,3251884,150
3251895,3252045,150
3252077,3252227,150
3252359,3253318,959
3253397,3253547,150
3253581,3254015,434
3254062,3254212,150
3254227,3255316,1089
3255451,3255601,150
3255644,3255794,150
3255823,3255973,150
3256000,3256150,150
3256173,3256323,150
3256367,3256517,150
3256769,3257050,281
3257073,3257223,150
3257227,3258014,787
3258075,3258225,150
3258253,3258403,150
3258727,3258877,150
3258924,3259074,150
3259100,3259250,150
3259264,3259414,150
3259439,3259589,150
3259606,3259756,150
3259772,3259922,150
3259930,3260080,150
3260120,3260270,150
3260294,3260444,150
3260460,3260610,150
3260647,3260797,150
3260826,3260976,150
3261002,3261152,150
3261162,3261312,150
3261324,3261474,150
3261490,3261640,150
3261661,3261811,150
3261846,3261996,150
3262039,3262189,150
3262194,3262344,150
3262375,3262841,466
3262843,3262993,150
3263017,3263167,150
3263191,3263341,150
3263369,3263519,150
3263535,3263685,150
3263751,3263901,150
3263933,3264083,150
3264190,3264641,451
3264668,3264818,150
3264854,3265004,150
3265031,3265181,150
3265211,3265988,777
3265998,3266148,150
3266158,3266308,150
3266314,3266464,150
3266491,3266641,150
3266645,3266795,150
3266804,3266954,150
3266978,3267128,150
3267156,3267306,150
3267328,3267478,150
3267521,3267671,150
3267688,3267838,150
3267852,3268002,150
3268084,3268234,150
3268286,3268599,313
3268601,3268751,150
3268783,3268933,150
3268967,3269117,150
3269150,3269300,150
3269321,3269471,150
3269633,3269783,150
3269789,3269939,150
3270014,3270164,150
3270165,3270315,150
3270348,3270498,150
3270514,3270664,150
3270706,3271446,740
3271455,3271605,150
3271613,3271763,150
3271776,3271926,150
3271933,3272083,150
3272099,3272249,150
3272268,3272418,150
3272425,3272575,150
3272597,3272747,150
3272774,3272924,150
3273097,3273247,150
3273256,3273406,150
3273422,3273572,150
3273601,3273751,150
3273776,3273926,150
3273974,3274124,150
3274136,3274286,150
3274303,3275166,863
3275194,3275344,150
3275362,3275512,150
3275537,3275687,150
3275732,3275882,150
3275922,3276072,150
3276118,3276268,150
3276397,3276927,530
3277124,3277274,150
3277307,3277457,150
3277657,3277807,150
3277830,3277980,150
3278025,3278175,150
3278182,3279556,1374
3279612,3279762,150
3280019,3282138,2119
3282161,3282311,150
3282345,3282638,293
3282686,3282836,150
3282847,3282997,150
3283030,3283180,150
3283437,3283587,150
3283638,3283788,150
3283814,3283964,150
3284008,3284158,150
3284193,3284712,519
3284723,3284873,150
3284882,3285032,150
3285069,3285344,275
3285425,3285575,150
3285612,3286237,625
3286274,3286424,150
3286649,3286799,150
3286972,3287122,150
3287135,3287285,150
3287585,3287735,150
3287880,3288030,150
3288057,3288663,606
3288686,3288836,150
3288926,3289076,150
3289155,3289305,150
3289388,3289538,150
3289683,3289833,150
3289945,3290095,150
3290117,3290267,150
3290391,3291112,721
3291164,3291314,150
3291467,3291617,150
3291732,3291882,150
3292211,3292361,150
3292549,3292699,150
3292975,3293279,304
3293360,3293510,150
3293529,3294163,634
3294308,3294458,150
3294563,3295516,953
3295548,3295698,150
3295742,3296109,367
3296124,3296274,150
3296287,3296437,150
3296461,3296760,299
3296925,3297075,150
3297138,3297540,402
3297722,3297872,150
3298156,3298306,150
3298333,3298483,150
3298598,3298748,150
3298929,3299079,150
3299187,3299337,150
3299350,3299644,294
3299678,3299828,150
3299847,3299997,150
3300003,3300153,150
3300164,3300314,150
3300335,3300485,150
3300500,3300650,150
3300858,3302198,1340
3302223,3302373,150
3302391,3302541,150
3302871,3303021,150
3303030,3303180,150
3303231,3303381,150
3303753,3303903,150
3304179,3305055,876
3305182,3305332,150
3305353,3305991,638
3305997,3306147,150
3306169,3306319,150
3306337,3306487,150
3306523,3306673,150
3306835,3306985,150
3307007,3307157,150
3307183,3307333,150
3307345,3307495,150
3307520,3307670,150
3307687,3307837,150
3307873,3308023,150
3308049,3308199,150
3308224,3308374,150
3308392,3308542,150
3308551,3308701,150
3308727,3308877,150
3308973,3309123,150
3309160,3309310,150
3309518,3310221,703
3310262,3310412,150
3310429,3310579,150
3310617,3310767,150
3310948,3311098,150
3311174,3311461,287
3311483,3311633,150
3311675,3311825,150
3311867,3312017,150
3312040,3312190,150
3312212,3312362,150
3312391,3312541,150
3312566,3312716,150
3312724,3312874,150
3312895,3313045,150
3313068,3313218,150
3313225,3313375,150
3313578,3313728,150
3313754,3313904,150
3313912,3314062,150
3314068,3314218,150
3314386,3315355,969
3315374,3315524,150
3315566,3315716,150
3315748,3315898,150
3315906,3316056,150
3316060,3316210,150
3316220,3316370,150
3316415,3316565,150
3316588,3316738,150
3316782,3316932,150
3316941,3317091,150
3317115,3317265,150
3317402,3317552,150
3317688,3317838,150
3318216,3318366,150
3318442,3318592,150
3318605,3318755,150
3318766,3320531,1765
3320598,3320748,150
3320863,3321013,150
3321039,3321189,150
3321201,3321351,150
3321373,3321523,150
3321545,3322304,759
3322366,3322516,150
3322534,3322863,329
3322888,3323038,150
3323055,3323526,471
3323961,3324111,150
3324308,3324458,150
3324938,3325088,150
3325150,3325300,150
3325331,3326253,922
3326588,3326738,150
3326758,3326908,150
3326918,3327068,150
3327233,3327383,150
3327404,3327554,150
3327575,3327725,150
3327768,3327918,150
3328026,3328176,150
3328215,3328365,150
3328392,3328542,150
3328557,3328707,150
3328736,3328886,150
3328923,3329073,150
3329274,3329424,150
3329430,3329580,150
3329884,3330034,150
3330137,3330287,150
3330330,3330796,466
3330844,3330994,150
3331014,3331787,773
3331816,3331966,150
3331980,3332130,150
3332139,3332289,150
3332341,3332491,150
3332499,3332649,150
3332693,3332843,150
3332860,3333010,150
3333049,3333345,296
3333368,3333518,150
3333735,3333885,150
3333910,3334060,150
3334350,3334500,150
3334676,3334826,150
3334864,3335014,150
3335046,3335196,150
3335215,3335365,150
3335413,3335703,290
3335732,3335882,150
3335923,3336073,150
3336082,3336232,150
3336239,3336389,150
3336429,3336579,150
3336602,3337207,605
3337302,3337452,150
3337572,3337722,150
3337770,3337920,150
3337926,3338076,150
3338103,3338253,150
3338264,3338414,150
3338461,3338611,150
3338635,3338785,150
3338833,3338983,150
3339008,3339158,150
3339177,3339327,150
3339353,3339503,150
3339527,3339677,150
3339808,3339958,150
3339990,3340140,150
3340166,3340316,150
3340345,3340495,150
3340673,3340987,314
3341131,3341281,150
3341356,3341674,318
3341755,3341905,150
3342069,3342690,621
3342693,3342843,150
3342888,3343038,150
3343057,3343207,150
3343212,3343362,150
3343392,3343542,150
3344369,3344519,150
3344801,3344951,150
3345157,3345307,150
3345328,3345478,150
3345496,3345646,150
3345678,3345828,150
3345841,3345991,150
3346024,3346174,150
3346314,3347917,1603
3347964,3348114,150
3348166,3348316,150
3348633,3348783,150
3348853,3349003,150
3349147,3349297,150
3349350,3349500,150
3349531,3349681,150
3349751,3349901,150
3350073,3350223,150
3350257,3350407,150
3350440,3350590,150
3350628,3350778,150
3350810,3350960,150
3350989,3351139,150
3351150,3352668,1518
3352706,3352856,150
3352880,3353030,150
3353053,3353203,150
3353242,3353547,305
3353552,3353702,150
3353836,3353986,150
3354007,3354157,150
3354162,3354312,150
3354341,3354491,150
3354677,3354827,150
3354855,3355337,482
3355349,3355499,150
3355516,3355666,150
3355691,3355841,150
3355872,3356022,150
3356110,3356260,150
3356281,3356431,150
3356440,3356590,150
3356602,3356896,294
3356903,3357053,150
3357236,3357386,150
3357449,3357599,150
3357636,3357934,298
3357969,3358119,150
3358148,3358298,150
3358322,3358605,283
3358614,3358764,150
3358786,3358936,150
3358957,3359107,150
3359128,3359278,150
3359296,3359446,150
3359535,3359685,150
3359852,3360002,150
3360064,3360214,150
3360348,3360498,150
3360518,3360668,150
3360689,3360839,150
3360867,3361017,150
3361031,3361181,150
3361246,3361396,150
3361435,3361585,150
3361622,3361772,150
3361777,3361927,150
3361949,3362099,150
3362138,3362288,150
3362328,3362478,150
3362489,3362639,150
3362658,3362808,150
3362847,3362997,150
3363060,3364196,1136
3364216,3364366,150
3364372,3364679,307
3364685,3364835,150
3364848,3365505,657
3365952,3366102,150
3366139,3366289,150
3366307,3366457,150
3366472,3366622,150
3366630,3367097,467
3367128,3367278,150
3367387,3367537,150
3367618,3367768,150
3368038,3369136,1098
3369194,3369344,150
3369384,3369534,150
3369659,3370116,457
3370143,3370293,150
3370311,3370461,150
3370481,3370631,150
3370659,3370959,300
3370969,3371119,150
3371168,3371318,150
3371347,3372150,803
3372163,3372313,150
3372318,3372468,150
3372492,3372642,150
3372825,3372975,150
3373123,3373273,150
3373288,3373584,296
3373586,3373736,150
3373773,3373923,150
3373932,3374082,150
3374114,3374264,150
3374288,3374438,150
3374455,3374605,150
3374712,3374862,150
3374917,3375067,150
3375070,3375220,150
3375328,3375478,150
3375644,3375794,150
3375817,3375967,150
3375979,3376129,150
3376151,3376301,150
3376325,3376475,150
3376485,3376635,150
3376669,3376953,284
3376975,3377125,150
3377441,3377591,150
3377718,3377868,150
3377889,3378039,150
3378069,3378219,150
3378411,3378870,459
3378897,3379047,150
3379053,3379689,636
3379882,3380032,150
3380193,3380343,150
3380396,3380546,150
3380629,3380779,150
3380951,3381101,150
3381119,3381269,150
3381295,3381445,150
3381464,3381753,289
3381768,3381918,150
3381941,3382091,150
3382107,3382257,150
3382265,3382415,150
3382454,3382604,150
3382724,3382874,150
3382891,3383041,150
3383055,3383205,150
3383223,3383373,150
3383415,3383700,285
3383726,3383876,150
3383883,3384197,314
3384205,3384355,150
3384367,3384517,150
3384534,3384684,150
3384845,3384995,150
3385039,3385189,150
3385217,3385367,150
3385392,3385542,150
3385550,3385700,150
3385809,3385959,150
3386139,3386289,150
3386454,3386758,304
3386772,3386922,150
3386946,3387096,150
3387105,3387255,150
3387331,3387481,150
3387504,3387654,150
3387739,3387889,150
3387896,3388046,150
3388070,3388220,150
3388230,3388380,150
3388561,3388711,150
3388737,3388887,150
3388908,3389348,440
3389380,3389530,150
3389549,3389699,150
3389709,3389859,150
3389886,3390036,150
3390057,3390207,150
3390252,3390643,391
3390670,3390820,150
3390825,3392010,1185
3392076,3392226,150
3392298,3392927,629
3393057,3393207,150
3393407,3393557,150
3393599,3393749,150
3393937,3394219,282
3394341,3394491,150
3394574,3394939,365
3395142,3395292,150
3395515,3395665,150
3395697,3395847,150
3396010,3396454,444
3396486,3396636,150
3396692,3396842,150
3396916,3397571,655
3397637,3397787,150
3397825,3397975,150
3398034,3398184,150
3398367,3399256,889
3399653,3399803,150
3400002,3400152,150
3400297,3400447,150
3400584,3400734,150
3401010,3401160,150
3401215,3401365,150
3401415,3401565,150
3401593,3401743,150
3401773,3402077,304
3402161,3402311,150
3402328,3402478,150
3402532,3402682,150
3402700,3402850,150
3402858,3403008,150
3403032,3403182,150
3403260,3403410,150
3403427,3403577,150
3403766,3403916,150
3403944,3404094,150
3404125,3404275,150
3404406,3404556,150
3404604,3404904,300
3404926,3405076,150
3405077,3405227,150
3405249,3405399,150
3405555,3405705,150
3405882,3406782,900
3406812,3406962,150
3407009,3407159,150
3407231,3407381,150
3407430,3407580,150
3407594,3407744,150
3407757,3407907,150
3408104,3409159,1055
3409440,3409590,150
3409614,3409764,150
3409794,3410080,286
3410110,3410260,150
3410283,3410433,150
3410463,3410906,443
3410928,3411078,150
3411100,3411250,150
3411258,3411408,150
3411450,3411600,150
3411628,3411954,326
3412001,3412151,150
3412410,3412560,150
3412611,3412761,150
3412927,3413077,150
3413101,3413251,150
3413268,3413418,150
3413427,3413577,150
3413594,3413744,150
3413784,3413934,150
3414075,3414794,719
3414965,3415115,150
3415150,3415443,293
3415557,3415707,150
3415735,3415885,150
3415911,3416061,150
3416094,3416244,150
3416263,3416413,150
3416448,3416598,150
3416746,3417026,280
3417065,3417215,150
3417371,3417521,150
3417567,3418014,447
3418055,3418205,150
3418246,3418396,150
3418584,3418734,150
3418780,3418930,150
3418951,3419101,150
3419136,3419286,150
3419298,3419448,150
3419461,3419611,150
3419625,3419775,150
3419805,3419955,150
3419975,3420125,150
3420143,3420293,150
3420314,3420464,150
3420481,3420631,150
3420649,3420799,150
3420839,3420989,150
3421038,3421188,150
3421248,3422500,1252
3422514,3422664,150
3422693,3422843,150
3422845,3422995,150
3423036,3423186,150
3423256,3423406,150
3423616,3424091,475
3424139,3424289,150
3424316,3425464,1148
3425504,3425654,150
3425668,3425818,150
3425829,3425979,150
3426000,3426150,150
3426928,3427078,150
3427133,3427424,291
3427474,3427624,150
3427682,3428830,1148
3428866,3429016,150
3429026,3429176,150
3429209,3429359,150
3429739,3430039,300
3430054,3430204,150
3430236,3430386,150
3430410,3430560,150
3430574,3430724,150
3430760,3431039,279
3431079,3431229,150
3431268,3431418,150
3431458,3431608,150
3431624,3431774,150
3431788,3431938,150
3431949,3432099,150
3432118,3432408,290
3432430,3432580,150
3432596,3432746,150
3432779,3432929,150
3432948,3433098,150
3433214,3433364,150
3433765,3434208,443
3434219,3434369,150
3434427,3435622,1195
3435686,3435836,150
3435908,3439036,3128
3439059,3439209,150
3439232,3439382,150
3439401,3439551,150
3439594,3439744,150
3439835,3439985,150
3440156,3441221,1065
3441260,3441410,150
3441583,3441733,150
3441821,3441971,150
3442248,3442532,284
3442563,3442713,150
3442851,3443184,333
3443379,3443529,150
3443736,3444325,589
3444392,3444542,150
3444581,3444731,150
3444777,3444927,150
3444928,3445078,150
3445107,3445257,150
3445287,3445437,150
3445481,3445783,302
3445792,3445942,150
3446049,3446199,150
3446559,3446709,150
3446807,3446957,150
3447007,3447293,286
3447319,3447469,150
3447502,3447793,291
3447831,3447981,150
3448007,3448157,150
3448245,3448395,150
3448402,3448552,150
3448570,3448720,150
3448735,3449064,329
3449078,3449228,150
3449250,3449400,150
3449435,3449585,150
3449606,3449756,150
3449784,3449934,150
3449956,3450106,150
3450125,3450275,150
3450287,3450437,150
3450471,3450621,150
3450681,3450931,250
3451131,3451281,150
3451309,3452315,1006
3452328,3452478,150
3452519,3452669,150
3452672,3452822,150
3452829,3452979,150
3453039,3453189,150
3453294,3453444,150
3453513,3453663,150
3453686,3453836,150
3453841,3453991,150
3454033,3454536,503
3454571,3454721,150
3454852,3456146,1294
3456161,3456311,150
3456347,3456497,150
3456522,3456672,150
3456701,3457956,1255
3457989,3458139,150
3458201,3458492,291
3458536,3458686,150
3458785,3458935,150
3458987,3459137,150
3459220,3459370,150
3459576,3459726,150
3459850,3460000,150
3460008,3460158,150
3460336,3460486,150
3460764,3460914,150
3460953,3461235,282
3461259,3461409,150
3461428,3461578,150
3461597,3461747,150
3461938,3462088,150
3462267,3462417,150
3462440,3462590,150
3462627,3462777,150
3463131,3463281,150
3463347,3463497,150
3463659,3463907,248
3464055,3464205,150
3464458,3464608,150
3465187,3465337,150
3465352,3465502,150
3465526,3465676,150
3465696,3465995,299
3466012,3466162,150
3466184,3466334,150
3466389,3466539,150
3466571,3466721,150
3466753,3466903,150
3466920,3467070,150
3467082,3467232,150
3467264,3467414,150
3467448,3467598,150
3467629,3467779,150
3467780,3467930,150
3467957,3468107,150
3468118,3468268,150
3468273,3468423,150
3468441,3468591,150
3468773,3468923,150
3469120,3469270,150
3469286,3469436,150
3469459,3469609,150
3469660,3469810,150
3469871,3470374,503
3470412,3470562,150
3470602,3470752,150
3470774,3472078,1304
3472153,3472303,150
3472327,3473154,827
3473191,3473341,150
3473375,3474123,748
3474157,3474307,150
3474353,3474503,150
3474533,3474683,150
3474698,3474848,150
3474851,3475001,150
3475016,3475303,287
3475336,3475486,150
3475634,3475784,150
3475849,3476670,821
3476683,3476833,150
3476870,3477020,150
3477300,3477450,150
3477492,3477642,150
3477677,3477827,150
3477853,3478003,150
3478031,3479764,1733
3479786,3479936,150
3480148,3480298,150
3480667,3481298,631
3481513,3481663,150
3481881,3482031,150
3482046,3482196,150
3482215,3482365,150
3482553,3482703,150
3482752,3482902,150
3483009,3483159,150
3483178,3483328,150
3483373,3483523,150
3483533,3483683,150
3483714,3483864,150
3484001,3484151,150
3484360,3484510,150
3484672,3485705,1033
3485789,3485939,150
3485942,3486426,484
3486610,3486760,150
3486940,3487090,150
3487111,3487261,150
3487276,3487426,150
3487453,3487771,318
3487793,3487943,150
3488066,3488216,150
3488546,3488696,150
3488773,3488923,150
3488933,3489083,150
3489102,3489252,150
3489288,3489438,150
3489464,3489614,150
3489640,3489790,150
3489974,3490124,150
3490127,3490277,150
3490319,3490469,150
3490502,3490652,150
3490746,3490896,150
3490918,3491068,150
3491098,3491394,296
3491423,3491573,150
3491585,3491735,150
3491758,3491908,150
3491952,3492102,150
3492282,3492432,150
3492454,3492604,150
3492783,3493080,297
3493218,3493368,150
3493375,3493865,490
3493879,3494029,150
3494060,3494486,426
3494517,3494667,150
3494693,3494843,150
3494874,3495024,150
3495045,3495195,150
3495212,3495362,150
3495403,3495553,150
3495578,3495728,150
3495833,3495983,150
3496038,3496188,150
3496288,3496438,150
3496469,3496619,150
3496639,3496789,150
3496804,3496954,150
3496971,3497121,150
3497136,3497286,150
3497453,3498537,1084
3498540,3498690,150
3498982,3499132,150
3499183,3499469,286
3499503,3499653,150
3499668,3499968,300
3499977,3500127,150
3500168,3500318,150
3500456,3500606,150
3500850,3501206,356
3501240,3501390,150
3501743,3501893,150
3501927,3502077,150
3502104,3502376,272
3502616,3502766,150
3502910,3503517,607
3503518,3503668,150
3503694,3503844,150
3503858,3504008,150
3504025,3504175,150
3504337,3504487,150
3504505,3504655,150
3504681,3504831,150
3504859,3505009,150
3505025,3505175,150
3505275,3505425,150
3505457,3505607,150
3505663,3505935,272
3505994,3506144,150
3506238,3506847,609
3506924,3507074,150
3507105,3507255,150
3507283,3507433,150
3507621,3507771,150
3507833,3508240,407
3508352,3508502,150
3508523,3508673,150
3508683,3509176,493
3509530,3509680,150
3509730,3511218,1488
3511360,3511510,150
3511521,3511671,150
3511690,3511840,150
3511872,3512022,150
3512051,3512339,288
3512358,3512508,150
3512692,3512842,150
3513188,3513338,150
3513347,3513497,150
3513505,3513655,150
3513676,3513997,321
3514011,3514161,150
3514195,3514345,150
3514389,3514846,457
3514890,3515040,150
3515174,3515324,150
3515354,3515504,150
3515541,3515691,150
3515886,3516036,150
3516169,3516513,344
3516515,3516665,150
3516692,3516842,150
3516853,3517003,150
3517039,3517189,150
3517256,3517621,365
3517690,3517840,150
3517843,3517993,150
3518017,3518167,150
3518185,3518335,150
3518339,3518671,332
3519027,3519177,150
3519193,3519343,150
3519370,3519520,150
3519540,3519690,150
3519701,3519851,150
3519865,3520015,150
3520043,3520193,150
3520236,3520386,150
3520425,3520575,150
3520689,3520839,150
3520861,3521011,150
3521030,3521180,150
3521185,3521335,150
3521350,3521648,298
3521680,3521830,150
3522170,3522320,150
3522364,3522654,290
3522660,3522810,150
3522819,3522969,150
3523141,3523291,150
3523308,3523458,150
3523477,3523627,150
3523646,3523934,288
3523950,3524100,150
3524133,3524283,150
3524290,3524560,270
3524891,3525041,150
3525143,3525847,704
3526039,3526189,150
3526214,3526364,150
3526490,3526640,150
3526650,3526913,263
3526959,3527109,150
3527133,3527427,294
3527435,3527585,150
3527600,3527750,150
3527765,3527915,150
3527936,3528086,150
3528112,3528529,417
3528565,3528715,150
3528734,3528884,150
3528907,3529057,150
3529063,3529213,150
3529234,3529384,150
3529450,3529600,150
3529634,3529784,150
3529814,3529964,150
3529991,3530141,150
3530162,3530624,462
3530630,3530780,150
3530805,3530955,150
3531163,3531904,741
3531949,3532099,150
3532270,3532420,150
3532429,3533051,622
3533663,3533813,150
3533830,3533980,150
3533999,3534149,150
3534152,3534470,318
3534498,3534648,150
3535141,3535604,463
3535685,3535835,150
3535965,3536574,609
3536619,3536769,150
3536777,3536927,150
3536962,3537112,150
3537119,3537269,150
3537298,3538536,1238
3538592,3538742,150
3538895,3539244,349
3539305,3539455,150
3539483,3540502,1019
3540541,3540691,150
3540799,3540949,150
3541202,3542182,980
3542233,3542383,150
3542661,3542811,150
3542825,3542975,150
3543280,3544374,1094
3544378,3544528,150
3544550,3544700,150
3544893,3545043,150
3545066,3545216,150
3545227,3545377,150
3545414,3545564,150
3545666,3545816,150
3545837,3545987,150
3546005,3546155,150
3546175,3546325,150
3546332,3546482,150
3546518,3546668,150
3546884,3547293,409
3547337,3547487,150
3547498,3547926,428
3547972,3548122,150
3548312,3548462,150
3548496,3548646,150
3548667,3548817,150
3548834,3548984,150
3549007,3549157,150
3549295,3549445,150
3549486,3549636,150
3549656,3549949,293
3549969,3550119,150
3550149,3550299,150
3550316,3550466,150
3550594,3550744,150
3550747,3550897,150
3551031,3551181,150
3551211,3551361,150
3551555,3551705,150
3551723,3551873,150
3551886,3552036,150
3552060,3552210,150
3552224,3552374,150
3552406,3552556,150
3552604,3552754,150
3552821,3552971,150
3552987,3553137,150
3553180,3553330,150
3553363,3553513,150
3553550,3554322,772
3554337,3554487,150
3554500,3554827,327
3555079,3555229,150
3555422,3555952,530
3556119,3556269,150
3556337,3557807,1470
3557831,3557981,150
3558177,3558327,150
3558411,3558561,150
3558712,3559067,355
3559156,3559306,150
3559339,3559643,304
3559651,3559801,150
3559860,3560010,150
3560023,3560173,150
3560198,3560348,150
3560379,3560529,150
3560539,3560689,150
3560704,3560854,150
3560886,3561036,150
3561067,3561217,150
3561439,3561589,150
3561628,3561778,150
3561800,3561950,150
3562027,3562691,664
3562733,3562883,150
3562900,3563050,150
3563091,3563241,150
3563321,3563471,150
3563541,3563691,150
3563724,3563874,150
3564048,3564516,468
3564541,3564691,150
3564731,3565343,612
3565370,3565520,150
3565747,3565897,150
3566050,3566200,150
3566478,3566628,150
3566677,3566827,150
3566833,3568105,1272
3568124,3568274,150
3568298,3568777,479
3568792,3568942,150
3568967,3569117,150
3569252,3569402,150
3569420,3569570,150
3569599,3569749,150
3569770,3569920,150
3569927,3570077,150
3570111,3570261,150
3570395,3570545,150
3570586,3570736,150
3570749,3570899,150
3570937,3571087,150
3571263,3571413,150
3571616,3572454,838
3572462,3572612,150
3572627,3572777,150
3572792,3572942,150
3572980,3573130,150
3573195,3573345,150
3573554,3573704,150
3573722,3573872,150
3574150,3574300,150
3574348,3574498,150
3574531,3574681,150
3574698,3574848,150
3574869,3575019,150
3575050,3575200,150
3575207,3575522,315
3575525,3575675,150
3575692,3575842,150
3575866,3576016,150
3576048,3576344,296
3576527,3576677,150
3576703,3576853,150
3576858,3577008,150
3577037,3577187,150
3577197,3578049,852
3578074,3578224,150
3578237,3578387,150
3578407,3578993,586
3579020,3579170,150
3579390,3579540,150
3579622,3579772,150
3579786,3579936,150
3579971,3580121,150
3580136,3580286,150
3580291,3580441,150
3580457,3580607,150
3580744,3580894,150
3580914,3581543,629
3581634,3581784,150
3581831,3581981,150
3582112,3582262,150
3582285,3582435,150
3582460,3582610,150
3582653,3582803,150
3582814,3583283,469
3583310,3583460,150
3583503,3583653,150
3583673,3583945,272
3583976,3584126,150
3584353,3584503,150
3584796,3585320,524
3585349,3585499,150
3585530,3585780,250
3585849,3585999,150
3586042,3586192,150
3586250,3586400,150
3586450,3586600,150
3586614,3586764,150
3586788,3586938,150
3586962,3587112,150
3587129,3587279,150
3587447,3587597,150
3587625,3587885,260
3587933,3588083,150
3588116,3588705,589
3589135,3589285,150
3589304,3590697,1393
3590723,3590873,150
3590903,3591053,150
3591058,3591208,150
3591230,3591380,150
3591406,3591556,150
3591588,3591887,299
3591925,3592075,150
3592078,3592228,150
3592246,3592396,150
3592421,3592571,150
3592603,3593666,1063
3593677,3593827,150
3593839,3593989,150
3594000,3594150,150
3594166,3594316,150
3594336,3594486,150
3594509,3594659,150
3594736,3594886,150
3594933,3595083,150
3595105,3595255,150
3595283,3595582,299
3595596,3595746,150
3595775,3595925,150
3595960,3596110,150
3596145,3596295,150
3596306,3596456,150
3596488,3596638,150
3596680,3596830,150
3596863,3597013,150
3597024,3597174,150
3597184,3597334,150
3597346,3597496,150
3597578,3598061,483
3598076,3598226,150
3598242,3598392,150
3598419,3599611,1192
3599652,3599802,150
3599805,3599955,150
3600159,3600309,150
3600357,3600785,428
3600804,3600954,150
3600978,3601128,150
3601153,3601433,280
3601504,3601654,150
3601749,3602334,585
3602368,3602518,150
3602548,3602698,150
3602709,3602859,150
3602880,3603030,150
3603049,3603199,150
3603207,3603357,150
3603384,3603534,150
3603557,3603707,150
3603766,3603916,150
3603932,3604082,150
3604297,3604447,150
3604494,3604804,310
3604891,3605041,150
3605260,3605410,150
3605422,3605916,494
3605931,3606081,150
3606092,3606242,150
3606259,3606409,150
3606428,3606578,150
3606622,3606772,150
3606781,3606931,150
3606950,3607100,150
3607149,3607299,150
3607340,3607490,150
3607501,3607859,358
3607864,3608014,150
3608066,3608638,572
3608662,3608812,150
3608867,3609573,706
3609600,3609750,150
3609784,3609934,150
3609959,3610109,150
3610137,3610287,150
3610334,3610484,150
3610498,3610648,150
3610682,3610832,150
3610848,3610998,150
3611011,3611161,150
3611189,3611339,150
3611384,3612418,1034
3612585,3612735,150
3612930,3613080,150
3613102,3613252,150
3613271,3613421,150
3613447,3613597,150
3613628,3613778,150
3613795,3613945,150
3613966,3614116,150
3614160,3614310,150
3614325,3614475,150
3614476,3614626,150
3614644,3614794,150
3614860,3615127,267
3615266,3615416,150
3615516,3616031,515
3616061,3616211,150
3616238,3616388,150
3616396,3616546,150
3616566,3616716,150
3616720,3616870,150
3616894,3617044,150
3617251,3617401,150
3617463,3618106,643
3618237,3618387,150
3618412,3618562,150
3618565,3618715,150
3618748,3618898,150
3618932,3619082,150
3619113,3621272,2159
3621284,3621434,150
3621452,3622404,952
3622426,3622576,150
3622591,3622741,150
3622760,3622910,150
3623214,3623364,150
3623398,3624289,891
3624314,3624464,150
3624487,3624637,150
3624651,3624801,150
3624854,3625004,150
3625042,3625192,150
3625276,3625426,150
3625668,3625818,150
3625857,3626007,150
3626031,3626181,150
3626208,3626358,150
3626368,3626518,150
3626539,3627208,669
3627226,3627376,150
3627409,3627559,150
3627590,3627740,150
3627768,3627918,150
3627953,3628103,150
3628227,3628600,373
3628709,3628859,150
3628959,3629109,150
3629134,3629596,462
3629625,3629775,150
3629837,3631355,1518
3631374,3631524,150
3631559,3631709,150
3631744,3632247,503
3632277,3632427,150
3632458,3632749,291
3632815,3632965,150
3632975,3633612,637
3633647,3633797,150
3633824,3633974,150
3634097,3634385,288
3634417,3634567,150
3634580,3634730,150
3634758,3634908,150
3634939,3635089,150
3635247,3635397,150
3635441,3635591,150
3635650,3635800,150
3635898,3636048,150
3636088,3636381,293
3636429,3636579,150
3636700,3636850,150
3636871,3638972,2101
3639021,3639171,150
3639194,3639344,150
3639358,3639508,150
3639540,3639690,150
3639721,3639871,150
3639894,3640044,150
3640234,3640384,150
3640414,3640868,454
3640956,3641106,150
3641171,3641321,150
3641410,3641560,150
3641585,3641735,150
3641750,3641900,150
3641926,3642076,150
3642109,3642259,150
3642265,3642415,150
3642432,3642582,150
3642693,3642843,150
3642913,3643063,150
3643137,3643287,150
3643426,3643576,150
3643580,3643730,150
3643765,3643915,150
3644072,3644222,150
3644239,3644389,150
3644416,3644566,150
3644619,3644951,332
3644960,3645110,150
3645159,3645454,295
3645486,3645636,150
3645665,3645815,150
3645819,3645969,150
3645987,3646137,150
3646161,3646311,150
3646320,3646470,150
3646494,3646644,150
3646660,3646810,150
3646830,3646980,150
3647123,3649048,1925
3649063,3649213,150
3649236,3649386,150
3649404,3649554,150
3649578,3649728,150
3649782,3649932,150
3649970,3650120,150
3650142,3650292,150
3650308,3650458,150
3650484,3650634,150
3650660,3650810,150
3650823,3651475,652
3651498,3651648,150
3651658,3651808,150
3651825,3651975,150
3652028,3652178,150
3652206,3652356,150
3652380,3652530,150
3652551,3652701,150
3652755,3653919,1164
3653923,3654073,150
3654112,3654262,150
3654314,3654464,150
3654492,3654642,150
3654690,3654928,238
3655014,3655164,150
3655225,3657268,2043
3657296,3657446,150
3657496,3657817,321
3657846,3657996,150
3658134,3659039,905
3659091,3659241,150
3659288,3659924,636
3660088,3660238,150
3660478,3660628,150
3660638,3660788,150
3660801,3661121,320
3661134,3661284,150
3661315,3661465,150
3661496,3661646,150
3661670,3661820,150
3661865,3662015,150
3662054,3662343,289
3662371,3662521,150
3662560,3662848,288
3663013,3663163,150
3663203,3663353,150
3663379,3666454,3075
3666489,3666639,150
3666737,3667083,346
3667085,3667235,150
3667269,3667419,150
3667437,3667587,150
3667604,3667754,150
3667770,3667920,150
3668118,3668417,299
3668435,3668585,150
3668601,3668751,150
3669059,3669209,150
3669222,3669372,150
3669375,3669525,150
3669546,3669696,150
3670064,3670214,150
3670248,3670522,274
3670556,3670706,150
3670725,3670875,150
3670887,3671037,150
3671049,3671199,150
3671221,3671371,150
3671422,3671572,150
3671678,3671828,150
3671854,3672004,150
3672027,3672177,150
3672238,3672517,279
3672554,3672704,150
3672912,3673246,334
3673288,3673438,150
3673479,3673629,150
3673841,3673991,150
3674034,3674184,150
3674205,3674508,303
3674590,3674740,150
3674754,3674904,150
3675094,3675244,150
3675279,3675745,466
3675888,3676038,150
3676064,3677139,1075
3677183,3677333,150
3677364,3677662,298
3677694,3677844,150
3677871,3678700,829
3678715,3678865,150
3678893,3679043,150
3679100,3679250,150
3679457,3679607,150
3679658,3679934,276
3680004,3680154,150
3680190,3680825,635
3680860,3681010,150
3681022,3681172,150
3681193,3681343,150
3681395,3681545,150
3681554,3681704,150
3681714,3681864,150
3681888,3682038,150
3682065,3682215,150
3682241,3682391,150
3682615,3682910,295
3682936,3683086,150
3683124,3683369,245
3683421,3683571,150
3683589,3683739,150
3683760,3683910,150
3683966,3684116,150
3684152,3684302,150
3684337,3684487,150
3684667,3684817,150
3684839,3684989,150
3685014,3685779,765
3685817,3685967,150
3685982,3686132,150
3686149,3686299,150
3686305,3686455,150
3686501,3686651,150
3686691,3686841,150
3686914,3687064,150
3687095,3687420,325
3687581,3687731,150
3687793,3688644,851
3688655,3688805,150
3688812,3689730,918
3689958,3690108,150
3690150,3690815,665
3690829,3690979,150
3690998,3691294,296
3691329,3691479,150
3691498,3691648,150
3691664,3691814,150
3691846,3691996,150
3692037,3692187,150
3692214,3692491,277
3692535,3692685,150
3692719,3693167,448
3693187,3693337,150
3693341,3693491,150
3693523,3693673,150
3693705,3693855,150
3693882,3694479,597
3695096,3695246,150
3695460,3695814,354
3695820,3695970,150
3696006,3696485,479
3696516,3696666,150
3696781,3697493,712
3697526,3697676,150
3697700,3698707,1007
3699255,3699405,150
3699570,3699720,150
3699881,3700031,150
3700063,3700343,280
3700532,3700682,150
3700715,3700865,150
3700900,3701362,462
3701433,3701583,150
3701629,3702660,1031
3702753,3702903,150
3702914,3703064,150
3703089,3703239,150
3703269,3703419,150
3703425,3703575,150
3703644,3703794,150
3703809,3704406,597
3704478,3704628,150
3704812,3704962,150
3704982,3705132,150
3705155,3705305,150
3705529,3705679,150
3705732,3705882,150
3705932,3706082,150
3706278,3706619,341
3706817,3706967,150
3707008,3707158,150
3707354,3707504,150
3707519,3707669,150
3707780,3707930,150
3707951,3708101,150
3708118,3708268,150
3708284,3709701,1417
3709720,3709870,150
3710119,3710567,448
3710596,3710746,150
3710784,3710934,150
3710956,3711601,645
3711614,3711764,150
3711922,3712072,150
3712404,3712554,150
3712577,3712727,150
3712764,3712914,150
3713078,3713228,150
3713239,3713389,150
3713396,3713546,150
3713592,3713742,150
3713929,3714225,296
3714418,3714568,150
3714607,3714757,150
3714971,3715121,150
3715161,3715311,150
3715339,3715489,150
3715562,3715855,293
3716147,3716297,150
3716535,3716804,269
3716939,3717089,150
3717188,3717338,150
3717393,3717543,150
3717988,3718138,150
3718184,3718334,150
3718374,3718652,278
3718960,3719110,150
3719183,3719520,337
3719735,3719885,150
3720050,3720200,150
3720366,3720516,150
3720581,3720837,256
3721087,3721237,150
3721418,3721783,365
3721854,3722004,150
3722089,3722239,150
3722255,3722405,150
3722545,3722695,150
3722741,3722891,150
3722905,3723710,805
3723721,3723871,150
3723912,3724062,150
3724074,3724224,150
3724241,3724391,150
3724407,3724557,150
3724561,3724711,150
3724726,3724876,150
3724890,3725040,150
3725048,3725198,150
3725228,3725378,150
3725569,3725719,150
3725884,3726335,451
3726369,3726519,150
3726573,3728841,2268
3728879,3729029,150
3729059,3729209,150
3729254,3729404,150
3729478,3730079,601
3730105,3730255,150
3730299,3730611,312
3730650,3730800,150
3731003,3731153,150
3731185,3732156,971
3732352,3732502,150
3732542,3732692,150
3732760,3732910,150
3732995,3733145,150
3733175,3733325,150
3733363,3733846,483
3733930,3734080,150
3734252,3734402,150
3734413,3734563,150
3734669,3734819,150
3734855,3735005,150
3735036,3735483,447
3735610,3735760,150
3735794,3735944,150
3735949,3736099,150
3736117,3736267,150
3736285,3736435,150
3736475,3736625,150
3736874,3737024,150
3737069,3737366,297
3737393,3737543,150
3737584,3738228,644
3738328,3738478,150
3738535,3738685,150
3738705,3738855,150
3738910,3739060,150
3739074,3739846,772
3739898,3740048,150
3740092,3740242,150
3740275,3740425,150
3740429,3740579,150
3740580,3740730,150
3740739,3740889,150
3741220,3741370,150
3741437,3741971,534
3742009,3742159,150
3742292,3742442,150
3742469,3742619,150
3742621,3742771,150
3742876,3743026,150
3743070,3743220,150
3743256,3743406,150
3743873,3744023,150
3744120,3744270,150
3744824,3744974,150
3745391,3745541,150
3745905,3746055,150
3748988,3749138,150
3749331,3749481,150
3749664,3749814,150
3750190,3750340,150
3750389,3750539,150
3750849,3750999,150
3751074,3753797,2723
3753899,3754049,150
3754063,3754213,150
3754253,3754403,150
3754425,3754575,150
3754577,3756394,1817
3756401,3756551,150
3756576,3756726,150
3756764,3756914,150
3757079,3757229,150
3757254,3757404,150
3757432,3757582,150
3757620,3757770,150
3757789,3757939,150
3757981,3758131,150
3758151,3758301,150
3758332,3758482,150
3758499,3758649,150
3758682,3758832,150
